# y, u-velocity, v-velocity, w-velocity, pressure, vis, vorticity, normal, ko2_tke, ko2_omega
0.000000000000000000e+00 3.999022301286458969e-04 1.756760901572111677e-14 0.000000000000000000e+00 -3.362287372965511167e-07 4.963102411686959314e-13 -2.246090126037597656e+01 9.037841664394363761e-06 1.029952513444899213e-25 1.087955156250000000e+05
2.064644591882824898e-03 4.637362435460090637e-02 4.535518214796550873e-14 0.000000000000000000e+00 -3.362291352004831424e-07 2.292659839753241613e-09 -2.226548385620117188e+01 2.098321449011564255e-03 3.900365300069097430e-06 5.486000976562500000e+03
4.263984039425849915e-03 9.491336345672607422e-02 1.541132401815942243e-13 0.000000000000000000e+00 -3.362290783570642816e-07 5.116914536529293400e-08 -2.202737808227539062e+01 4.299763590097427368e-03 3.069453669013455510e-05 1.102301513671875000e+03
6.606479175388813019e-03 1.464122086763381958e-01 3.066227556147022026e-13 0.000000000000000000e+00 -3.362289078268076992e-07 4.514296279012341984e-07 -2.187202644348144531e+01 6.644494365900754929e-03 1.295730762649327517e-04 4.028696594238281250e+02
9.101077914237976074e-03 2.006923556327819824e-01 4.854605216084162400e-13 0.000000000000000000e+00 -3.362289930919359904e-07 2.313136747034150176e-06 -2.145395469665527344e+01 9.141451679170131683e-03 3.797566751018166542e-04 2.000192260742187500e+02
1.175723597407341003e-02 2.568666636943817139e-01 6.772175593743046118e-13 0.000000000000000000e+00 -3.362289646702265600e-07 8.097145837382413447e-06 -2.050409507751464844e+01 1.180011127144098282e-02 8.665283676236867905e-04 1.201562576293945312e+02
1.458494178950786591e-02 3.130241036415100098e-01 8.682167398216256160e-13 0.000000000000000000e+00 -3.362291067787737120e-07 2.112438778567593545e-05 -1.884911727905273438e+01 1.463049650192260742e-02 1.621237955987453461e-03 8.217387390136718750e+01
1.759473420679569244e-02 3.667145073413848877e-01 1.046462070643239262e-12 0.000000000000000000e+00 -3.362290783570642816e-07 4.381189864943735301e-05 -1.662407112121582031e+01 1.764298789203166962e-02 2.570055425167083740e-03 6.117403411865234375e+01
2.079772949218750000e-02 4.160708487033843994e-01 1.203624114438917037e-12 0.000000000000000000e+00 -3.362291352004831424e-07 7.649580948054790497e-05 -1.422120761871337891e+01 2.084892056882381439e-02 3.570390399545431137e-03 4.797360992431640625e+01
2.420563437044620514e-02 4.604869782924652100e-01 1.335578566144524082e-12 0.000000000000000000e+00 -3.362291636221925728e-07 1.172833071905188262e-04 -1.201080417633056641e+01 2.426000684499740601e-02 4.501472692936658859e-03 3.885253524780273438e+01
2.783077768981456757e-02 5.003209114074707031e-01 1.440219254619790057e-12 0.000000000000000000e+00 -3.362292773090302944e-07 1.642307906877249479e-04 -1.014797210693359375e+01 2.788830175995826721e-02 5.308628547936677933e-03 3.214303207397460938e+01
3.168611973524093628e-02 5.362037420272827148e-01 1.518571943540103497e-12 0.000000000000000000e+00 -3.362293625741585856e-07 2.176900743506848812e-04 -8.613303184509277344e+00 3.174697980284690857e-02 5.984552670270204544e-03 2.699609184265136719e+01
3.578528016805648804e-02 5.686661601066589355e-01 1.572954223469369417e-12 0.000000000000000000e+00 -3.362293341524491552e-07 2.785057586152106524e-04 -7.345084667205810547e+00 3.584967553615570068e-02 6.539079360663890839e-03 2.293704414367675781e+01
4.014254361391067505e-02 5.981698632240295410e-01 1.607620720572855433e-12 0.000000000000000000e+00 -3.362293341524491552e-07 3.466925409156829119e-04 -6.296784400939941406e+00 4.021074622869491577e-02 6.987207103520631790e-03 1.967657089233398438e+01
4.477288201451301575e-02 6.251316070556640625e-01 1.626231484544438111e-12 0.000000000000000000e+00 -3.362294762609963072e-07 4.220976261422038078e-04 -5.431507587432861328e+00 4.484495520591735840e-02 7.345682941377162933e-03 1.702196884155273438e+01
4.969196766614913940e-02 6.499231457710266113e-01 1.632299655683622230e-12 0.000000000000000000e+00 -3.362293341524491552e-07 5.045221187174320221e-04 -4.715952873229980469e+00 4.976837709546089172e-02 7.630253210663795471e-03 1.483686447143554688e+01
5.491617694497108459e-02 6.728669404983520508e-01 1.628599924190232695e-12 0.000000000000000000e+00 -3.362293625741585856e-07 5.937608075328171253e-04 -4.121770858764648438e+00 5.499655753374099731e-02 7.854345254600048065e-03 1.302082633972167969e+01
6.046260148286819458e-02 6.942301988601684570e-01 1.617684176717648636e-12 0.000000000000000000e+00 -3.362296183695434593e-07 6.896118866279721260e-04 -3.625501155853271484e+00 6.054776534438133240e-02 8.028983138501644135e-03 1.149835491180419922e+01
6.634904444217681885e-02 7.142387032508850098e-01 1.601316735461155716e-12 0.000000000000000000e+00 -3.362295615261245985e-07 7.918820483610033989e-04 -3.208256721496582031e+00 6.643867492675781250e-02 8.162952028214931488e-03 1.021142005920410156e+01
7.259401679039001465e-02 7.330828905105590820e-01 1.581181583235058419e-12 0.000000000000000000e+00 -3.362295899478340289e-07 9.003875311464071274e-04 -2.855037212371826172e+00 7.268840074539184570e-02 8.263134397566318512e-03 9.115228652954101562e+00
7.921674102544784546e-02 7.509158253669738770e-01 1.558309037363869720e-12 0.000000000000000000e+00 -3.362295331044151681e-07 1.014933804981410503e-03 -2.553892850875854492e+00 7.931634783744812012e-02 8.335086517035961151e-03 8.174806594848632812e+00
8.623711764812469482e-02 7.678692936897277832e-01 1.533947014548120436e-12 0.000000000000000000e+00 -3.362295046827057377e-07 1.135348458774387836e-03 -2.295404911041259766e+00 8.634181320667266846e-02 8.382906205952167511e-03 7.362668991088867188e+00
9.367571771144866943e-02 7.840573191642761230e-01 1.508773249565831254e-12 0.000000000000000000e+00 -3.362298457432189025e-07 1.261440105736255646e-03 -2.072060346603393555e+00 9.378572553396224976e-02 8.409982547163963318e-03 6.656860828399658203e+00
1.015537306666374207e-01 7.995615005493164062e-01 1.483825649156722548e-12 0.000000000000000000e+00 -3.362297320563811809e-07 1.393017708323895931e-03 -1.877899050712585449e+00 1.016691997647285461e-01 8.418926969170570374e-03 6.039919853210449219e+00
1.098929643630981445e-01 8.144684433937072754e-01 1.459596874787971732e-12 0.000000000000000000e+00 -3.362297604780906113e-07 1.529872533865272999e-03 -1.708092689514160156e+00 1.100139468908309937e-01 8.411729708313941956e-03 5.497725009918212891e+00
1.187157481908798218e-01 8.288410305976867676e-01 1.437235855501761694e-12 0.000000000000000000e+00 -3.362297320563811809e-07 1.671791542321443558e-03 -1.558768987655639648e+00 1.188426092267036438e-01 8.389950729906558990e-03 5.018811225891113281e+00
1.280449032783508301e-01 8.427277207374572754e-01 1.417870703658563603e-12 0.000000000000000000e+00 -3.362298173215094721e-07 1.818535733036696911e-03 -1.426777839660644531e+00 1.281775385141372681e-01 8.354894816875457764e-03 4.593802928924560547e+00
1.379036754369735718e-01 8.561848402023315430e-01 1.404402744271948666e-12 0.000000000000000000e+00 -3.362298741649283329e-07 1.969814300537109375e-03 -1.309539198875427246e+00 1.380421221256256104e-01 8.307455107569694519e-03 4.214922428131103516e+00
1.483156085014343262e-01 8.692440390586853027e-01 1.400516746845326121e-12 0.000000000000000000e+00 -3.362301299603132065e-07 2.125343773514032364e-03 -1.204935073852539062e+00 1.484600752592086792e-01 8.248415775597095490e-03 3.875790119171142578e+00
1.593044996261596680e-01 8.819424510002136230e-01 1.405995437263329872e-12 0.000000000000000000e+00 -3.362301583820226369e-07 2.284770365804433823e-03 -1.111205935478210449e+00 1.594544351100921631e-01 8.178326301276683807e-03 3.570980310440063477e+00
1.708942502737045288e-01 8.943033814430236816e-01 1.398825933557334977e-12 0.000000000000000000e+00 -3.362303289122792194e-07 2.447760431095957756e-03 -1.026882290840148926e+00 1.710507571697235107e-01 8.097621612250804901e-03 3.295973539352416992e+00
1.831087321043014526e-01 9.063578248023986816e-01 1.345578596462226884e-12 0.000000000000000000e+00 -3.362304141774075106e-07 2.613923046737909317e-03 -9.507026076316833496e-01 1.832705438137054443e-01 8.006571792066097260e-03 3.046952009201049805e+00
1.959716677665710449e-01 9.182239770889282227e-01 1.270738180479680235e-12 0.000000000000000000e+00 -3.362294194175774464e-07 2.784471260383725166e-03 -8.816067576408386230e-01 1.944806128740310669e-01 7.905393838882446289e-03 2.820635318756103516e+00
2.095064520835876465e-01 9.296110868453979492e-01 1.171080702029592135e-12 0.000000000000000000e+00 -3.362306131293735234e-07 2.954736584797501564e-03 -8.186296820640563965e-01 2.096797078847885132e-01 7.794268894940614700e-03 2.614235639572143555e+00
2.237359732389450073e-01 9.408295154571533203e-01 1.142063223505407343e-12 0.000000000000000000e+00 -3.362304994425358018e-07 3.129363525658845901e-03 -7.609090805053710938e-01 2.239151149988174438e-01 7.673288229852914810e-03 2.425348043441772461e+00
2.386824041604995728e-01 9.517935514450073242e-01 1.152445109828259540e-12 0.000000000000000000e+00 -3.362306131293735234e-07 3.307461505755782127e-03 -7.076429724693298340e-01 2.388677299022674561e-01 7.542602717876434326e-03 2.251951694488525391e+00
2.543670237064361572e-01 9.624902009963989258e-01 1.171836607784249029e-12 0.000000000000000000e+00 -3.362306983945018146e-07 3.490264993160963058e-03 -6.581020951271057129e-01 2.545556724071502686e-01 7.402332033962011337e-03 2.092351675033569336e+00
2.708099186420440674e-01 9.729157090187072754e-01 1.181956767702663225e-12 0.000000000000000000e+00 -3.362309826115961187e-07 3.679574467241764069e-03 -6.116473674774169922e-01 2.710037827491760254e-01 7.252963259816169739e-03 1.945188522338867188e+00
2.880298495292663574e-01 9.830619692802429199e-01 1.180297071017022414e-12 0.000000000000000000e+00 -3.362311815635621315e-07 3.877389244735240936e-03 -5.678163766860961914e-01 2.882282435894012451e-01 7.095098961144685745e-03 1.809334039688110352e+00
3.060438036918640137e-01 9.929047226905822754e-01 1.168274678386982401e-12 0.000000000000000000e+00 -3.362312099852715619e-07 4.084334708750247955e-03 -5.264726281166076660e-01 3.062462508678436279e-01 6.929543800652027130e-03 1.683938503265380859e+00
3.248669803142547607e-01 1.002440452575683594e+00 1.148747221478563230e-12 0.000000000000000000e+00 -3.362314373589470051e-07 4.296912346035242081e-03 -4.879627525806427002e-01 3.250730633735656738e-01 6.757346447557210922e-03 1.568237423896789551e+00
3.445122539997100830e-01 1.011658668518066406e+00 1.115774573429151317e-12 0.000000000000000000e+00 -3.362314657806564355e-07 4.502783063799142838e-03 -4.527894556522369385e-01 3.447195887565612793e-01 6.579153705388307571e-03 1.461372733116149902e+00
3.649900257587432861e-01 1.020588159561157227e+00 1.080117874481534290e-12 0.000000000000000000e+00 -3.362315226240752963e-07 4.697549622505903244e-03 -4.207704365253448486e-01 3.652012646198272705e-01 6.395425181835889816e-03 1.362407326698303223e+00
3.863079547882080078e-01 1.029235601425170898e+00 1.039919127372723739e-12 0.000000000000000000e+00 -3.362318352628790308e-07 4.888367839157581329e-03 -3.911456465721130371e-01 3.865198791027069092e-01 6.206624209880828857e-03 1.270535469055175781e+00
4.084705114364624023e-01 1.037585735321044922e+00 1.004563619788623186e-12 0.000000000000000000e+00 -3.362318921062978916e-07 5.077373236417770386e-03 -3.633519411087036133e-01 4.086831808090209961e-01 6.013402715325355530e-03 1.185117125511169434e+00
4.314788877964019775e-01 1.045637607574462891e+00 9.674890012398296157e-13 0.000000000000000000e+00 -3.362321763233921956e-07 5.264119245111942291e-03 -3.371452093124389648e-01 4.316885173320770264e-01 5.816658493131399155e-03 1.105638146400451660e+00
4.553305506706237793e-01 1.053375005722045898e+00 9.324011831721157328e-13 0.000000000000000000e+00 -3.362322615885204868e-07 5.447994451969861984e-03 -3.123628199100494385e-01 4.555414319038391113e-01 5.617219489067792892e-03 1.031650304794311523e+00
4.800190925598144531e-01 1.060790300369262695e+00 8.953006521913997595e-13 0.000000000000000000e+00 -3.362323468536487781e-07 5.628617014735937119e-03 -2.888614833354949951e-01 4.802249968051910400e-01 5.416157189756631851e-03 9.627835750579833984e-01
5.055339932441711426e-01 1.067868351936340332e+00 8.595800395257147120e-13 0.000000000000000000e+00 -3.362324889621959301e-07 5.805461667478084564e-03 -2.665108740329742432e-01 5.057372450828552246e-01 5.214691627770662308e-03 8.987079262733459473e-01
5.318602919578552246e-01 1.074596405029296875e+00 8.212867235249388109e-13 0.000000000000000000e+00 -3.362326310707430821e-07 5.978076253086328506e-03 -2.451980710029602051e-01 5.320586562156677246e-01 5.014073569327592850e-03 8.391569852828979492e-01
5.589785575866699219e-01 1.080963015556335449e+00 7.833307028200231503e-13 0.000000000000000000e+00 -3.362328868661279557e-07 6.145963910967111588e-03 -2.248202264308929443e-01 5.591719746589660645e-01 4.815768916159868240e-03 7.839202284812927246e-01
5.868647098541259766e-01 1.086955785751342773e+00 7.426778376312670460e-13 0.000000000000000000e+00 -3.362330005529656773e-07 6.308704614639282227e-03 -2.052882015705108643e-01 5.870509743690490723e-01 4.621219355612993240e-03 7.328228354454040527e-01
6.154899001121520996e-01 1.092558979988098145e+00 7.011714884923303526e-13 0.000000000000000000e+00 -3.362330858180939686e-07 6.465756800025701523e-03 -1.865224689245223999e-01 6.156663298606872559e-01 4.432069137692451477e-03 6.857354640960693359e-01
6.448205113410949707e-01 1.097758889198303223e+00 6.572910618563021501e-13 0.000000000000000000e+00 -3.362329152878373861e-07 6.616446189582347870e-03 -1.684521287679672241e-01 6.449886560440063477e-01 4.249929916113615036e-03 6.425583362579345703e-01
6.748180985450744629e-01 1.102542400360107422e+00 6.113304849321432588e-13 0.000000000000000000e+00 -3.362332563483505510e-07 6.760122720152139664e-03 -1.510150432586669922e-01 6.749728918075561523e-01 4.076534416526556015e-03 6.032194495201110840e-01
7.054396867752075195e-01 1.106905698776245117e+00 5.638256788537132635e-13 0.000000000000000000e+00 -3.362333416134788422e-07 6.895993370562791824e-03 -1.341557055711746216e-01 7.055826783180236816e-01 3.913533873856067657e-03 5.676723122596740723e-01
7.366377115249633789e-01 1.110836625099182129e+00 5.132889556100361794e-13 0.000000000000000000e+00 -3.362332847700599814e-07 7.023008074611425400e-03 -1.178231239318847656e-01 7.367702722549438477e-01 3.762615146115422249e-03 5.358869433403015137e-01
7.683602571487426758e-01 1.114318132400512695e+00 4.628076893074817288e-13 0.000000000000000000e+00 -3.362335689871542854e-07 7.140127010643482208e-03 -1.019687578082084656e-01 7.684782743453979492e-01 3.625336568802595139e-03 5.078448057174682617e-01
8.005514740943908691e-01 1.117343544960021973e+00 4.094874667213282970e-13 0.000000000000000000e+00 -3.362336826739920070e-07 7.245904766023159027e-03 -8.654405176639556885e-02 8.006553053855895996e-01 3.503186861053109169e-03 4.835449755191802979e-01
8.331516981124877930e-01 1.119920730590820312e+00 3.599559886269254605e-13 0.000000000000000000e+00 -3.362337679391202983e-07 7.339030504226684570e-03 -7.150057703256607056e-02 8.332369923591613770e-01 3.397451015189290047e-03 4.629822075366973877e-01
8.660981059074401855e-01 1.122029542922973633e+00 3.118087656562434917e-13 0.000000000000000000e+00 -3.362337963608297287e-07 7.418006658554077148e-03 -5.678532645106315613e-02 8.661661744117736816e-01 3.309309715405106544e-03 4.461572468280792236e-01
8.993250131607055664e-01 1.123674988746643066e+00 2.758826695738181289e-13 0.000000000000000000e+00 -3.362339384693768807e-07 7.481246720999479294e-03 -4.234158247709274292e-02 8.993800878524780273e-01 3.239747136831283569e-03 4.330673813819885254e-01
9.327643513679504395e-01 1.124850153923034668e+00 2.487098255208458619e-13 0.000000000000000000e+00 -3.362340521562146023e-07 7.527581881731748581e-03 -2.810812182724475861e-02 9.328002333641052246e-01 3.189502982422709465e-03 4.237194955348968506e-01
9.663463830947875977e-01 1.125560164451599121e+00 1.692898750869920033e-13 0.000000000000000000e+00 -3.362340805779240327e-07 7.555817253887653351e-03 -1.401777006685733795e-02 9.663664102554321289e-01 3.159123240038752556e-03 4.181082248687744141e-01
1.000000000000000000e+00 1.125793695449829102e+00 -5.145689646948725660e-13 0.000000000000000000e+00 -3.362305278642452322e-07 7.565283216536045074e-03 5.488797957808877470e-11 9.745631217956542969e-01 3.148972755298018456e-03 4.162386953830718994e-01
1.033653616905212402e+00 1.125560164451599121e+00 -1.721053719460838294e-13 0.000000000000000000e+00 -3.362341374213428935e-07 7.555817253887653351e-03 1.401777006685733795e-02 9.663664102554321289e-01 3.159123240038752556e-03 4.181082248687744141e-01
1.067235589027404785e+00 1.124850153923034668e+00 -2.414258300654364975e-13 0.000000000000000000e+00 -3.362340521562146023e-07 7.527581881731748581e-03 2.810812182724475861e-02 9.328002333641052246e-01 3.189502982422709465e-03 4.237194955348968506e-01
1.100674986839294434e+00 1.123674988746643066e+00 -2.733847490835744631e-13 0.000000000000000000e+00 -3.362340521562146023e-07 7.481246720999479294e-03 4.234158247709274292e-02 8.993800878524780273e-01 3.239747136831283569e-03 4.330673813819885254e-01
1.133901834487915039e+00 1.122029542922973633e+00 -3.141589636004860076e-13 0.000000000000000000e+00 -3.362336258305731462e-07 7.418006658554077148e-03 5.678532645106315613e-02 8.661661744117736816e-01 3.309309715405106544e-03 4.461572468280792236e-01
1.166848301887512207e+00 1.119920730590820312e+00 -3.597462497166581397e-13 0.000000000000000000e+00 -3.362338816259580199e-07 7.339030504226684570e-03 7.150057703256607056e-02 8.332369923591613770e-01 3.397451015189290047e-03 4.629822075366973877e-01
1.199448585510253906e+00 1.117343544960021973e+00 -4.123750223673089410e-13 0.000000000000000000e+00 -3.362338247825391591e-07 7.245904766023159027e-03 8.654405176639556885e-02 8.006553053855895996e-01 3.503186861053109169e-03 4.835449755191802979e-01
1.231639742851257324e+00 1.114318132400512695e+00 -4.633356957654821695e-13 0.000000000000000000e+00 -3.362335974088637158e-07 7.140127010643482208e-03 1.019687578082084656e-01 7.684782743453979492e-01 3.625336568802595139e-03 5.078448057174682617e-01
1.263362288475036621e+00 1.110836625099182129e+00 -5.156910055231778145e-13 0.000000000000000000e+00 -3.362335405654448550e-07 7.023008074611425400e-03 1.178231239318847656e-01 7.367702722549438477e-01 3.762615146115422249e-03 5.358869433403015137e-01
1.294560313224792480e+00 1.106905698776245117e+00 -5.648476478214981000e-13 0.000000000000000000e+00 -3.362333984568977030e-07 6.895993370562791824e-03 1.341557055711746216e-01 7.055826783180236816e-01 3.913533873856067657e-03 5.676723122596740723e-01
1.325181841850280762e+00 1.102542400360107422e+00 -6.131336215652039012e-13 0.000000000000000000e+00 -3.362331426615128294e-07 6.760122720152139664e-03 1.510150432586669922e-01 6.749728918075561523e-01 4.076534416526556015e-03 6.032194495201110840e-01
1.355179548263549805e+00 1.097758889198303223e+00 -6.587972355143190129e-13 0.000000000000000000e+00 -3.362329721312562469e-07 6.616446189582347870e-03 1.684521287679672241e-01 6.449886560440063477e-01 4.249929916113615036e-03 6.425583362579345703e-01
1.384510040283203125e+00 1.092558979988098145e+00 -7.024452634146749475e-13 0.000000000000000000e+00 -3.362331142398033990e-07 6.465756800025701523e-03 1.865224689245223999e-01 6.156663298606872559e-01 4.432069137692451477e-03 6.857354640960693359e-01
1.413135290145874023e+00 1.086955785751342773e+00 -7.446299436428271967e-13 0.000000000000000000e+00 -3.362330573963845382e-07 6.308704614639282227e-03 2.052882015705108643e-01 5.870509743690490723e-01 4.621219355612993240e-03 7.328228354454040527e-01
1.441021442413330078e+00 1.080963015556335449e+00 -7.842386679293711360e-13 0.000000000000000000e+00 -3.362329437095468165e-07 6.145963910967111588e-03 2.248202264308929443e-01 5.591719746589660645e-01 4.815768916159868240e-03 7.839202284812927246e-01
1.468139767646789551e+00 1.074596405029296875e+00 -8.236261607626194081e-13 0.000000000000000000e+00 -3.362327163358713733e-07 5.978076253086328506e-03 2.451980710029602051e-01 5.320586562156677246e-01 5.014073569327592850e-03 8.391569852828979492e-01
1.494466066360473633e+00 1.067868351936340332e+00 -8.603718323722808758e-13 0.000000000000000000e+00 -3.362324889621959301e-07 5.805461667478084564e-03 2.665108740329742432e-01 5.057372450828552246e-01 5.214691627770662308e-03 8.987079262733459473e-01
1.519980907440185547e+00 1.060790300369262695e+00 -8.980600551405926169e-13 0.000000000000000000e+00 -3.362322900102299172e-07 5.628617014735937119e-03 2.888614833354949951e-01 4.802249968051910400e-01 5.416157189756631851e-03 9.627835750579833984e-01
1.544669508934020996e+00 1.053375005722045898e+00 -9.334977452493675720e-13 0.000000000000000000e+00 -3.362321763233921956e-07 5.447994451969861984e-03 3.123628199100494385e-01 4.555414319038391113e-01 5.617219489067792892e-03 1.031650304794311523e+00
1.568521142005920410e+00 1.045637607574462891e+00 -9.708482932510587027e-13 0.000000000000000000e+00 -3.362321763233921956e-07 5.264119245111942291e-03 3.371452093124389648e-01 4.316885173320770264e-01 5.816658493131399155e-03 1.105638146400451660e+00
1.591529488563537598e+00 1.037585735321044922e+00 -1.006633036475246268e-12 0.000000000000000000e+00 -3.362317784194601700e-07 5.077373236417770386e-03 3.633519411087036133e-01 4.086831808090209961e-01 6.013402715325355530e-03 1.185117125511169434e+00
1.613692045211791992e+00 1.029235601425170898e+00 -1.044471258614121378e-12 0.000000000000000000e+00 -3.362318068411696004e-07 4.888367839157581329e-03 3.911456465721130371e-01 3.865198791027069092e-01 6.206624209880828857e-03 1.270535469055175781e+00
1.635010004043579102e+00 1.020588159561157227e+00 -1.079011554584730082e-12 0.000000000000000000e+00 -3.362315794674941571e-07 4.697549622505903244e-03 4.207704365253448486e-01 3.652012646198272705e-01 6.395425181835889816e-03 1.362407326698303223e+00
1.655487775802612305e+00 1.011658668518066406e+00 -1.116967846340188864e-12 0.000000000000000000e+00 -3.362314373589470051e-07 4.502783063799142838e-03 4.527894556522369385e-01 3.447195887565612793e-01 6.579153705388307571e-03 1.461372733116149902e+00
1.675132989883422852e+00 1.002440452575683594e+00 -1.147530963481468991e-12 0.000000000000000000e+00 -3.362313805155281443e-07 4.296912346035242081e-03 4.879627525806427002e-01 3.250730633735656738e-01 6.757346447557210922e-03 1.568237423896789551e+00
1.693956136703491211e+00 9.929047226905822754e-01 -1.172409500212190370e-12 0.000000000000000000e+00 -3.362312099852715619e-07 4.084334708750247955e-03 5.264726281166076660e-01 3.062462508678436279e-01 6.929543800652027130e-03 1.683938503265380859e+00
1.711970210075378418e+00 9.830619692802429199e-01 -1.183198504450810873e-12 0.000000000000000000e+00 -3.362310962984338403e-07 3.877389244735240936e-03 5.678163766860961914e-01 2.882282435894012451e-01 7.095098961144685745e-03 1.809334039688110352e+00
1.729190111160278320e+00 9.729157090187072754e-01 -1.183834605865408118e-12 0.000000000000000000e+00 -3.362309826115961187e-07 3.679574467241764069e-03 6.116473674774169922e-01 2.710037827491760254e-01 7.252963259816169739e-03 1.945188522338867188e+00
1.745633006095886230e+00 9.624902009963989258e-01 -1.172292297957344687e-12 0.000000000000000000e+00 -3.362307836596301058e-07 3.490264993160963058e-03 6.581020951271057129e-01 2.545556724071502686e-01 7.402332033962011337e-03 2.092351675033569336e+00
1.761317610740661621e+00 9.517935514450073242e-01 -1.149527196521449302e-12 0.000000000000000000e+00 -3.362306415510829538e-07 3.307461505755782127e-03 7.076429724693298340e-01 2.388677299022674561e-01 7.542602717876434326e-03 2.251951694488525391e+00
1.776264071464538574e+00 9.408295154571533203e-01 -1.137396166833726241e-12 0.000000000000000000e+00 -3.362306415510829538e-07 3.129363525658845901e-03 7.609090805053710938e-01 2.239151149988174438e-01 7.673288229852914810e-03 2.425348043441772461e+00
1.790493488311767578e+00 9.296110868453979492e-01 -1.176155310297910539e-12 0.000000000000000000e+00 -3.362306699727923842e-07 2.954736584797501564e-03 8.186296820640563965e-01 2.096797078847885132e-01 7.794268894940614700e-03 2.614235639572143555e+00
1.804028391838073730e+00 9.180204868316650391e-01 -1.804152422076044093e-12 0.000000000000000000e+00 -3.362291352004831424e-07 2.781487302854657173e-03 8.816067576408386230e-01 1.943650543689727783e-01 7.905393838882446289e-03 2.820635318756103516e+00
1.816891312599182129e+00 9.063578248023986816e-01 -1.353481562937908222e-12 0.000000000000000000e+00 -3.362304994425358018e-07 2.613923046737909317e-03 9.507026076316833496e-01 1.832705438137054443e-01 8.006571792066097260e-03 3.046952009201049805e+00
1.829105734825134277e+00 8.943033814430236816e-01 -1.396458144432843884e-12 0.000000000000000000e+00 -3.362302720688603586e-07 2.447760431095957756e-03 1.026882290840148926e+00 1.710507571697235107e-01 8.097621612250804901e-03 3.295973539352416992e+00
1.840695500373840332e+00 8.819424510002136230e-01 -1.402955659632332264e-12 0.000000000000000000e+00 -3.362301868037320673e-07 2.284770365804433823e-03 1.111205935478210449e+00 1.594544351100921631e-01 8.178326301276683807e-03 3.570980310440063477e+00
1.851684451103210449e+00 8.692440390586853027e-01 -1.400593942040007089e-12 0.000000000000000000e+00 -3.362300731168943457e-07 2.125343773514032364e-03 1.204935073852539062e+00 1.484600752592086792e-01 8.248415775597095490e-03 3.875790119171142578e+00
1.862096309661865234e+00 8.561848402023315430e-01 -1.405041881452628871e-12 0.000000000000000000e+00 -3.362299310083471937e-07 1.969814300537109375e-03 1.309539198875427246e+00 1.380421221256256104e-01 8.307455107569694519e-03 4.214922428131103516e+00
1.871955037117004395e+00 8.427277207374572754e-01 -1.418693504687262852e-12 0.000000000000000000e+00 -3.362298173215094721e-07 1.818535733036696911e-03 1.426777839660644531e+00 1.281775385141372681e-01 8.354894816875457764e-03 4.593802928924560547e+00
1.881284236907958984e+00 8.288410305976867676e-01 -1.437948067908867422e-12 0.000000000000000000e+00 -3.362296752129623201e-07 1.671791542321443558e-03 1.558768987655639648e+00 1.188426092267036438e-01 8.389950729906558990e-03 5.018811225891113281e+00
1.890107035636901855e+00 8.144684433937072754e-01 -1.460447431392286610e-12 0.000000000000000000e+00 -3.362296752129623201e-07 1.529872533865272999e-03 1.708092689514160156e+00 1.100139468908309937e-01 8.411729708313941956e-03 5.497725009918212891e+00
1.898446321487426758e+00 7.995615005493164062e-01 -1.484508804945605664e-12 0.000000000000000000e+00 -3.362297320563811809e-07 1.393017708323895931e-03 1.877899050712585449e+00 1.016691997647285461e-01 8.418926969170570374e-03 6.039919853210449219e+00
1.906324267387390137e+00 7.840573191642761230e-01 -1.509556368795017534e-12 0.000000000000000000e+00 -3.362298457432189025e-07 1.261440105736255646e-03 2.072060346603393555e+00 9.378572553396224976e-02 8.409982547163963318e-03 6.656860828399658203e+00
1.913762927055358887e+00 7.678692936897277832e-01 -1.534579863356200224e-12 0.000000000000000000e+00 -3.362294762609963072e-07 1.135348458774387836e-03 2.295404911041259766e+00 8.634181320667266846e-02 8.382906205952167511e-03 7.362668991088867188e+00
1.920783281326293945e+00 7.509158253669738770e-01 -1.559022117132713436e-12 0.000000000000000000e+00 -3.362295046827057377e-07 1.014933804981410503e-03 2.553892850875854492e+00 7.931634783744812012e-02 8.335086517035961151e-03 8.174806594848632812e+00
1.927405953407287598e+00 7.330828905105590820e-01 -1.581752740939523783e-12 0.000000000000000000e+00 -3.362296467912528897e-07 9.003875311464071274e-04 2.855037212371826172e+00 7.268840074539184570e-02 8.263134397566318512e-03 9.115228652954101562e+00
1.933650970458984375e+00 7.142387032508850098e-01 -1.601951969514014973e-12 0.000000000000000000e+00 -3.362295615261245985e-07 7.918820483610033989e-04 3.208256721496582031e+00 6.643867492675781250e-02 8.162952028214931488e-03 1.021142005920410156e+01
1.939537405967712402e+00 6.942301988601684570e-01 -1.618196028563279043e-12 0.000000000000000000e+00 -3.362296183695434593e-07 6.896118866279721260e-04 3.625501155853271484e+00 6.054776534438133240e-02 8.028983138501644135e-03 1.149835491180419922e+01
1.945083856582641602e+00 6.728669404983520508e-01 -1.629159264091017967e-12 0.000000000000000000e+00 -3.362294194175774464e-07 5.937608075328171253e-04 4.121770858764648438e+00 5.499655753374099731e-02 7.854345254600048065e-03 1.302082633972167969e+01
1.950308084487915039e+00 6.499231457710266113e-01 -1.632763152112359784e-12 0.000000000000000000e+00 -3.362293341524491552e-07 5.045221187174320221e-04 4.715952873229980469e+00 4.976837709546089172e-02 7.630253210663795471e-03 1.483686447143554688e+01
1.955227136611938477e+00 6.251316070556640625e-01 -1.626742035347461535e-12 0.000000000000000000e+00 -3.362294194175774464e-07 4.220976261422038078e-04 5.431507587432861328e+00 4.484495520591735840e-02 7.345682941377162933e-03 1.702196884155273438e+01
1.959857463836669922e+00 5.981698632240295410e-01 -1.608043234159473034e-12 0.000000000000000000e+00 -3.362293057307397248e-07 3.466925409156829119e-04 6.296784400939941406e+00 4.021074622869491577e-02 6.987207103520631790e-03 1.967657089233398438e+01
1.964214682579040527e+00 5.686661601066589355e-01 -1.573451221745236772e-12 0.000000000000000000e+00 -3.362292204656114336e-07 2.785057586152106524e-04 7.345084667205810547e+00 3.584967553615570068e-02 6.539079360663890839e-03 2.293704414367675781e+01
1.968313932418823242e+00 5.362037420272827148e-01 -1.519031536841020102e-12 0.000000000000000000e+00 -3.362293625741585856e-07 2.176900743506848812e-04 8.613303184509277344e+00 3.174697980284690857e-02 5.984552670270204544e-03 2.699609184265136719e+01
1.972169280052185059e+00 5.003209114074707031e-01 -1.441002699109628082e-12 0.000000000000000000e+00 -3.362292488873208640e-07 1.642307906877249479e-04 1.014797210693359375e+01 2.788830175995826721e-02 5.308628547936677933e-03 3.214303207397460938e+01
1.975794315338134766e+00 4.604869782924652100e-01 -1.336308559467258572e-12 0.000000000000000000e+00 -3.362292204656114336e-07 1.172833071905188262e-04 1.201080417633056641e+01 2.426000684499740601e-02 4.501472692936658859e-03 3.885253524780273438e+01
1.979202270507812500e+00 4.160708487033843994e-01 -1.204455914345647916e-12 0.000000000000000000e+00 -3.362291636221925728e-07 7.649580948054790497e-05 1.422120761871337891e+01 2.084892056882381439e-02 3.570390399545431137e-03 4.797360992431640625e+01
1.982405304908752441e+00 3.667145073413848877e-01 -1.046816387913207524e-12 0.000000000000000000e+00 -3.362290499353548512e-07 4.381189864943735301e-05 1.662407112121582031e+01 1.764298789203166962e-02 2.570055425167083740e-03 6.117403411865234375e+01
1.985415101051330566e+00 3.130241036415100098e-01 -8.685472588539078220e-13 0.000000000000000000e+00 -3.362290783570642816e-07 2.112438778567593545e-05 1.884911727905273438e+01 1.463049650192260742e-02 1.621237955987453461e-03 8.217387390136718750e+01
1.988242745399475098e+00 2.568666636943817139e-01 -6.773920075038575295e-13 0.000000000000000000e+00 -3.362289930919359904e-07 8.097145837382413447e-06 2.050409507751464844e+01 1.180011127144098282e-02 8.665283676236867905e-04 1.201562576293945312e+02
1.990898966789245605e+00 2.006923556327819824e-01 -4.855326210528865261e-13 0.000000000000000000e+00 -3.362289646702265600e-07 2.313136747034150176e-06 2.145395469665527344e+01 9.141451679170131683e-03 3.797566751018166542e-04 2.000192260742187500e+02
1.993393540382385254e+00 1.464122086763381958e-01 -3.066364707721841443e-13 0.000000000000000000e+00 -3.362289362485171296e-07 4.514296279012341984e-07 2.187202644348144531e+01 6.644494365900754929e-03 1.295730762649327517e-04 4.028696594238281250e+02
1.995736002922058105e+00 9.491336345672607422e-02 -1.539761970269920566e-13 0.000000000000000000e+00 -3.362291352004831424e-07 5.116914536529293400e-08 2.202737808227539062e+01 4.299763590097427368e-03 3.069453669013455510e-05 1.102301513671875000e+03
1.997935414314270020e+00 4.637362435460090637e-02 -4.511301542834550427e-14 0.000000000000000000e+00 -3.362291352004831424e-07 2.292659839753241613e-09 2.226548385620117188e+01 2.098321449011564255e-03 3.900365300069097430e-06 5.486000976562500000e+03
2.000000000000000000e+00 3.999022301286458969e-04 -1.581507243686355174e-14 0.000000000000000000e+00 -3.362287372965511167e-07 4.963102411686959314e-13 2.246090126037597656e+01 9.057926035893615335e-06 2.059905026889798426e-25 1.087955156250000000e+05
