## 2D correlation ellipsies (nlines: 2048)

##dt	dx	Rdt	Rdx	
-10.24 	-6.2832 	1.0 	0.9973906531876953 	
-10.229995114802149 	-6.2586082191780825 	0.9864048087697748 	0.9932809510370407 	
-10.2199902296043 	-6.234016438356164 	0.9502319018010404 	0.964117649455624 	
-10.209985344406448 	-6.209424657534247 	0.9016383709829989 	0.9188779740405438 	
-10.199980459208598 	-6.184832876712329 	0.8496497514521781 	0.867494049111857 	
-10.189975574010747 	-6.160241095890411 	0.7990980776417687 	0.8162308332551969 	
-10.179970688812897 	-6.135649315068493 	0.7517459954392571 	0.7677110125754718 	
-10.169965803615046 	-6.111057534246576 	0.7081209873106686 	0.7227910702050325 	
-10.159960918417196 	-6.086465753424657 	0.6682670697364315 	0.6816623366483835 	
-10.149956033219345 	-6.06187397260274 	0.6319375190603791 	0.6441581745720285 	
-10.139951148021495 	-6.037282191780822 	0.5987832438289695 	0.6099457874159309 	
-10.129946262823644 	-6.012690410958904 	0.5684808725732639 	0.5786893644433009 	
-10.119941377625794 	-5.988098630136986 	0.5407434766102689 	0.550091845897491 	
-10.109936492427943 	-5.963506849315069 	0.5153064446355756 	0.5238815531161614 	
-10.099931607230094 	-5.93891506849315 	0.49193018727943394 	0.49981105157698674 	
-10.089926722032242 	-5.914323287671233 	0.470399322483523 	0.47765817961095514 	
-10.079921836834393 	-5.889731506849315 	0.45051818010559014 	0.4572206941272586 	
-10.069916951636541 	-5.865139726027397 	0.43211492931977563 	0.4383177181303546 	
-10.059912066438692 	-5.840547945205479 	0.41504644421055575 	0.42079657560987915 	
-10.04990718124084 	-5.815956164383562 	0.39919062844871167 	0.4045297634194141 	
-10.03990229604299 	-5.7913643835616435 	0.38443186924358963 	0.38940070144840067 	
-10.02989741084514 	-5.766772602739726 	0.3706563004124361 	0.37529421186458123 	
-10.01989252564729 	-5.742180821917808 	0.3577605948624496 	0.3621018345078201 	
-10.009887640449438 	-5.7175890410958905 	0.34566088346116763 	0.34973270001335865 	
-9.999882755251587 	-5.692997260273972 	0.3342900887215918 	0.3381151182535975 	
-9.989877870053737 	-5.668405479452055 	0.323587415684184 	0.3271874342694213 	
-9.979872984855886 	-5.643813698630137 	0.3134915085105112 	0.3168886985481206 	
-9.969868099658036 	-5.619221917808219 	0.3039435872311907 	0.3071579854677769 	
-9.959863214460185 	-5.594630136986301 	0.29489889908485334 	0.29794366016702556 	
-9.949858329262335 	-5.570038356164384 	0.28633729056987933 	0.2892160838075362 	
-9.939853444064484 	-5.545446575342465 	0.27825966803632757 	0.28097035747485577 	
-9.929848558866635 	-5.520854794520548 	0.2706670903902601 	0.2732103851733649 	
-9.919843673668783 	-5.49626301369863 	0.26353834644441776 	0.2659243449260994 	
-9.909838788470934 	-5.471671232876712 	0.2568263906718037 	0.2590733637806578 	
-9.899833903273082 	-5.447079452054794 	0.2504758386977733 	0.2526030226364858 	
-9.889829018075233 	-5.422487671232877 	0.2444439439658056 	0.24646512248181182 	
-9.879824132877381 	-5.397895890410958 	0.23870785835619765 	0.24063020273778798 	
-9.869819247679532 	-5.373304109589041 	0.2332580402092684 	0.2350846614889234 	
-9.85981436248168 	-5.348712328767123 	0.22808982868289185 	0.22982201461084278 	
-9.84980947728383 	-5.324120547945205 	0.22319992660218013 	0.2248381317008115 	
-9.83980459208598 	-5.299528767123288 	0.21858305777868878 	0.22012885601001303 	
-9.82979970688813 	-5.27493698630137 	0.21422420792195485 	0.21568368447712588 	
-9.819794821690278 	-5.2503452054794515 	0.21009186022196588 	0.21147748460914811 	
-9.809789936492429 	-5.225753424657534 	0.20614035620276291 	0.2074690167400081 	
-9.799785051294577 	-5.201161643835617 	0.20232122082592874 	0.20360949335040157 	
-9.789780166096728 	-5.1765698630136985 	0.1985970382533892 	0.19985619816135 	
-9.779775280898876 	-5.15197808219178 	0.19495172666831379 	0.19618472018210326 	
-9.769770395701027 	-5.127386301369863 	0.19139211820671842 	0.1925942647760822 	
-9.759765510503176 	-5.1027945205479455 	0.18793879333062213 	0.18910218746588567 	
-9.749760625305324 	-5.078202739726027 	0.1846110343056683 	0.1857300124611879 	
-9.739755740107475 	-5.053610958904109 	0.18141476547120167 	0.18248927870252635 	
-9.729750854909623 	-5.029019178082192 	0.17833940544199467 	0.17937493255791936 	
-9.719745969711774 	-5.004427397260274 	0.17536390017106027 	0.17636853834463306 	
-9.709741084513922 	-4.979835616438356 	0.17246757446704314 	0.17344815618705703 	
-9.699736199316073 	-4.9552438356164386 	0.16963913485006044 	0.17059852307128487 	
-9.689731314118221 	-4.93065205479452 	0.16687927021388757 	0.1678160204780836 	
-9.679726428920372 	-4.906060273972603 	0.16419719469918376 	0.16510730008548744 	
-9.66972154372252 	-4.881468493150685 	0.16160401742419392 	0.16248359528798034 	
-9.65971665852467 	-4.856876712328767 	0.1591063527182543 	0.15995365618203394 	
-9.64971177332682 	-4.832284931506849 	0.15670428598094105 	0.1575195894296054 	
-9.63970688812897 	-4.807693150684932 	0.15439541934975204 	0.15517903346292158 	
-9.629702002931118 	-4.783101369863013 	0.1521807240160854 	0.15293131276339034 	
-9.619697117733269 	-4.758509589041096 	0.15006616979365733 	0.15078095151929027 	
-9.609692232535417 	-4.733917808219178 	0.14806043615961476 	0.1487362266016521 	
-9.599687347337568 	-4.70932602739726 	0.14617390495595062 	0.14680723271006446 	
-9.589682462139717 	-4.684734246575342 	0.14441957368841252 	0.14500630978294293 	
-9.579677576941867 	-4.660142465753425 	0.14281121095894783 	0.1433473198644202 	
-9.569672691744016 	-4.6355506849315065 	0.14135790723483052 	0.14184118783088076 	
-9.559667806546166 	-4.610958904109589 	0.14005953868064452 	0.14049104375043325 	
-9.549662921348315 	-4.586367123287671 	0.13890495739917916 	0.1392898307321219 	
-9.539658036150465 	-4.5617753424657534 	0.13787108626154992 	0.13821887639598218 	
-9.529653150952614 	-4.537183561643835 	0.13692450362362496 	0.13724783100605728 	
-9.519648265754764 	-4.512591780821918 	0.13602944729720928 	0.13634041908897382 	
-9.509643380556913 	-4.4879999999999995 	0.13515966410070063 	0.135466007110354 	
-9.499638495359061 	-4.463408219178082 	0.13430515845221375 	0.1346088214589114 	
-9.489633610161212 	-4.438816438356165 	0.133469373119724 	0.13376791222524367 	
-9.47962872496336 	-4.4142246575342465 	0.13266207476510955 	0.13295079706757246 	
-9.46962383976551 	-4.389632876712328 	0.13189488636008345 	0.13216842881907495 	
-9.45961895456766 	-4.365041095890411 	0.13117899118655957 	0.1314330486257508 	
-9.44961406936981 	-4.3404493150684935 	0.13052063166016498 	0.13075433554652355 	
-9.439609184171958 	-4.315857534246575 	0.12991544111300357 	0.13013287671164964 	
-9.429604298974109 	-4.291265753424657 	0.1293474758744852 	0.12955663120794267 	
-9.419599413776258 	-4.26667397260274 	0.12879530635542868 	0.12900486549280252 	
-9.409594528578408 	-4.242082191780822 	0.12824128943434768 	0.12845729430568834 	
-9.399589643380557 	-4.217490410958904 	0.12767782698534436 	0.12790213380999516 	
-9.389584758182707 	-4.192898630136986 	0.12710651551962765 	0.12733782777680214 	
-9.379579872984856 	-4.168306849315068 	0.12653131744941837 	0.12676790782115854 	
-9.369574987787006 	-4.143715068493151 	0.12595198472025915 	0.12619383793808006 	
-9.359570102589155 	-4.119123287671233 	0.12536416144609355 	0.1256125363377983 	
-9.349565217391305 	-4.094531506849314 	0.12476637097096718 	0.1250211567737391 	
-9.339560332193454 	-4.069939726027397 	0.12416672794396796 	0.1244242817142082 	
-9.329555446995604 	-4.04534794520548 	0.12358247985763529 	0.12383601930975116 	
-9.319550561797753 	-4.020756164383561 	0.12303313206012517 	0.12327524808434448 	
-9.309545676599903 	-3.9961643835616436 	0.12253257266738296 	0.12275817173159902 	
-9.299540791402052 	-3.971572602739726 	0.12208404436287545 	0.1222922190689151 	
-9.289535906204202 	-3.946980821917808 	0.12167960989328915 	0.1218736168996132 	
-9.27953102100635 	-3.92238904109589 	0.1213033285233373 	0.12148933900451014 	
-9.269526135808501 	-3.8977972602739723 	0.12093457224746637 	0.12112059784602931 	
-9.25952125061065 	-3.8732054794520545 	0.12055064044858738 	0.12074527196443177 	
-9.249516365412799 	-3.8486136986301367 	0.12013270024962133 	0.1203423165586187 	
-9.239511480214949 	-3.824021917808219 	0.11967433863916153 	0.11990024993339968 	
-9.229506595017098 	-3.799430136986301 	0.11918352748285825 	0.1194224444355245 	
-9.219501709819248 	-3.7748383561643832 	0.1186736745627053 	0.11892152245980525 	
-9.209496824621397 	-3.7502465753424654 	0.11815260676801859 	0.11840776407561177 	
-9.199491939423547 	-3.7256547945205476 	0.11761984870795326 	0.11788313465104586 	
-9.189487054225696 	-3.7010630136986298 	0.11707188988579624 	0.11734442146949418 	
-9.179482169027846 	-3.676471232876712 	0.11650855077134084 	0.1167897455438928 	
-9.169477283829995 	-3.6518794520547946 	0.11593614910082557 	0.11622293549064985 	
-9.159472398632145 	-3.6272876712328768 	0.11536694911095388 	0.11565429076733029 	
-9.149467513434294 	-3.602695890410959 	0.11481613702413695 	0.11509827263784429 	
-9.139462628236444 	-3.578104109589041 	0.11429960321278676 	0.11457068537189685 	
-9.129457743038593 	-3.5535123287671233 	0.11383476466839894 	0.11408858548432371 	
-9.119452857840743 	-3.5289205479452055 	0.11344060858561487 	0.11367110949100032 	
-9.109447972642892 	-3.5043287671232877 	0.11313205455847447 	0.11333555525559652 	
-9.099443087445042 	-3.47973698630137 	0.11291222677725453 	0.11308937504356449 	
-9.089438202247191 	-3.455145205479452 	0.1127706571559686 	0.11292610084318228 	
-9.079433317049341 	-3.430553424657534 	0.11268734641804097 	0.11282831109480689 	
-9.06942843185149 	-3.4059616438356164 	0.1126358772706186 	0.11277153420658774 	
-9.05942354665364 	-3.3813698630136986 	0.1125854600295651 	0.11272589277111661 	
-9.049418661455789 	-3.3567780821917808 	0.11250857119283242 	0.11266146511207818 	
-9.039413776257938 	-3.332186301369863 	0.11239241313526015 	0.11255959100746254 	
-9.029408891060088 	-3.307594520547945 	0.11224240031214233 	0.11242005834757693 	
-9.019404005862238 	-3.2830027397260273 	0.112073887562354 	0.11225601035611654 	
-9.009399120664387 	-3.2584109589041095 	0.11190278254554537 	0.11208362741704517 	
-8.999394235466536 	-3.2338191780821917 	0.11174336728585794 	0.11191765762392253 	
-8.989389350268686 	-3.209227397260274 	0.11160892068851143 	0.11177201069330898 	
-8.979384465070835 	-3.184635616438356 	0.1115095263893388 	0.11165848067197569 	
-8.969379579872985 	-3.160043835616438 	0.11144973611852957 	0.1115837271476805 	
-8.959374694675134 	-3.1354520547945204 	0.1114299416711022 	0.11154920547281481 	
-8.949369809477284 	-3.1108602739726026 	0.11144973611852953 	0.11155427587041175 	
-8.939364924279433 	-3.0862684931506847 	0.1115095263893388 	0.11159885268282749 	
-8.929360039081583 	-3.061676712328767 	0.11160892068851141 	0.11168306641775463 	
-8.919355153883732 	-3.037084931506849 	0.11174336728585794 	0.11180422261579226 	
-8.909350268685882 	-3.0124931506849313 	0.11190278254554535 	0.11195425973558179 	
-8.899345383488031 	-2.9879013698630135 	0.11207388756235398 	0.11212089725408658 	
-8.889340498290181 	-2.9633095890410956 	0.11224240031214233 	0.11229034112562498 	
-8.87933561309233 	-2.938717808219178 	0.11239241313526015 	0.11244724911731281 	
-8.86933072789448 	-2.91412602739726 	0.11250857119283245 	0.11257510608573511 	
-8.859325842696629 	-2.889534246575342 	0.11258546002956511 	0.11266369971877149 	
-8.84932095749878 	-2.8649424657534244 	0.11263587727061858 	0.11271940761898633 	
-8.839316072300928 	-2.8403506849315066 	0.11268734641804096 	0.11276594973786334 	
-8.829311187103078 	-2.8157589041095887 	0.1127706571559686 	0.11283414537155768 	
-8.819306301905227 	-2.791167123287671 	0.11291222677725453 	0.11295216350034713 	
-8.809301416707378 	-2.766575342465753 	0.11313205455847451 	0.11314233093853443 	
-8.799296531509526 	-2.7419835616438353 	0.11344060858561487 	0.11341885402568927 	
-8.789291646311675 	-2.7173917808219175 	0.11383476466839897 	0.11378337865696746 	
-8.779286761113825 	-2.6927999999999996 	0.11429960321278679 	0.11422439389156641 	
-8.769281875915976 	-2.668208219178082 	0.11481613702413695 	0.11472370385651727 	
-8.759276990718124 	-2.643616438356164 	0.11536694911095388 	0.1152634309317124 	
-8.749272105520273 	-2.619024657534246 	0.11593614910082557 	0.11582742527253494 	
-8.739267220322423 	-2.594432876712329 	0.11650855077134087 	0.11640002229678448 	
-8.729262335124572 	-2.569841095890411 	0.11707188988579628 	0.1169673693628704 	
-8.719257449926722 	-2.545249315068493 	0.11761984870795326 	0.11752073133632858 	
-8.709252564728871 	-2.5206575342465753 	0.11815260676801859 	0.1180582198708978 	
-8.699247679531021 	-2.4960657534246575 	0.11867367456270535 	0.11858294520333729 	
-8.68924279433317 	-2.4714739726027397 	0.11918352748285825 	0.11909730215354192 	
-8.67923790913532 	-2.446882191780822 	0.11967433863916153 	0.11959634068460422 	
-8.669233023937469 	-2.422290410958904 	0.12013270024962137 	0.12006722737808273 	
-8.65922813873962 	-2.3976986301369863 	0.1205506404485874 	0.1204984031081548 	
-8.649223253541768 	-2.3731068493150684 	0.1209345722474664 	0.12089079202486468 	
-8.639218368343919 	-2.3485150684931506 	0.1213033285233373 	0.12125973757643657 	
-8.629213483146067 	-2.323923287671233 	0.12167960989328917 	0.12162759980584187 	
-8.619208597948218 	-2.299331506849315 	0.12208404436287545 	0.12201639570444114 	
-8.609203712750366 	-2.2747397260273967 	0.12253257266738293 	0.12244443226064769 	
-8.599198827552517 	-2.2501479452054793 	0.12303313206012517 	0.12292330743176803 	
-8.589193942354665 	-2.225556164383561 	0.12358247985763529 	0.12345418327520521 	
-8.579189057156816 	-2.2009643835616437 	0.12416672794396796 	0.12402660215930826 	
-8.569184171958964 	-2.1763726027397254 	0.12476637097096718 	0.12462186435621916 	
-8.559179286761115 	-2.151780821917808 	0.12536416144609355 	0.12522041263283348 	
-8.549174401563263 	-2.12718904109589 	0.12595198472025915 	0.12581021425470007 	
-8.539169516365412 	-2.1025972602739724 	0.12653131744941837 	0.12639016877410844 	
-8.529164631167562 	-2.078005479452055 	0.1271065155196277 	0.12696508042532542 	
-8.519159745969713 	-2.053413698630137 	0.12767782698534433 	0.12753724473432504 	
-8.509154860771861 	-2.0288219178082194 	0.12824128943434768 	0.12810340634987805 	
-8.49914997557401 	-2.004230136986301 	0.12879530635542868 	0.12865981359020354 	
-8.48914509037616 	-1.9796383561643838 	0.12934747587448522 	0.12921004680850962 	
-8.47914020517831 	-1.9550465753424655 	0.12991544111300357 	0.12976831424422774 	
-8.46913531998046 	-1.9304547945205481 	0.13052063166016498 	0.13035534530100906 	
-8.459130434782608 	-1.9058630136986299 	0.13117899118655954 	0.13098972130220662 	
-8.449125549584759 	-1.8812712328767125 	0.13189488636008345 	0.13168038074028693 	
-8.439120664386907 	-1.8566794520547942 	0.13266207476510955 	0.13242512675771467 	
-8.429115779189058 	-1.8320876712328769 	0.13346937311972404 	0.1332148490536426 	
-8.419110893991206 	-1.8074958904109586 	0.13430515845221375 	0.1340381956176527 	
-8.409106008793357 	-1.7829041095890412 	0.13515966410070065 	0.1348840013587892 	
-8.399101123595505 	-1.758312328767123 	0.13602944729720928 	0.13574510015043384 	
-8.389096238397656 	-1.7337205479452056 	0.136924503623625 	0.13662572699460404 	
-8.379091353199804 	-1.7091287671232873 	0.13787108626154995 	0.1375468271656145 	
-8.369086468001955 	-1.68453698630137 	0.13890495739917916 	0.13854226074427767 	
-8.359081582804103 	-1.6599452054794517 	0.14005953868064455 	0.13964759242298894 	
-8.349076697606254 	-1.6353534246575343 	0.14135790723483055 	0.14089022139662302 	
-8.339071812408402 	-1.610761643835616 	0.14281121095894786 	0.14228578751433096 	
-8.329066927210553 	-1.5861698630136987 	0.14441957368841254 	0.14383818236222376 	
-8.319062042012701 	-1.5615780821917804 	0.14617390495595062 	0.14554067044767072 	
-8.309057156814852 	-1.536986301369863 	0.1480604361596148 	0.14737983783620012 	
-8.299052271617 	-1.5123945205479448 	0.15006616979365728 	0.14934178224528977 	
-8.28904738641915 	-1.4878027397260274 	0.1521807240160854 	0.15141544438136564 	
-8.2790425012213 	-1.4632109589041091 	0.154395419349752 	0.1535917619003101 	
-8.26903761602345 	-1.4386191780821918 	0.15670428598094108 	0.1558635690013289 	
-8.259032730825599 	-1.4140273972602735 	0.1591063527182543 	0.15822808949639328 	
-8.249027845627747 	-1.3894356164383561 	0.16160401742419395 	0.16068713258004616 	
-8.239022960429898 	-1.3648438356164379 	0.16419719469918376 	0.16324218796455517 	
-8.229018075232048 	-1.3402520547945205 	0.16687927021388754 	0.16588905253526598 	
-8.219013190034197 	-1.3156602739726022 	0.16963913485006044 	0.16861765533926729 	
-8.209008304836345 	-1.2910684931506848 	0.17246757446704317 	0.17141724048947024 	
-8.199003419638496 	-1.2664767123287666 	0.17536390017106027 	0.1742833237297273 	
-8.188998534440644 	-1.2418849315068492 	0.17833940544199467 	0.17722281287042685 	
-8.178993649242795 	-1.217293150684931 	0.18141476547120164 	0.18025387744015153 	
-8.168988764044943 	-1.1927013698630136 	0.18461103430566836 	0.18339878814615712 	
-8.158983878847094 	-1.1681095890410953 	0.18793879333062213 	0.18667288332059462 	
-8.148978993649242 	-1.143517808219178 	0.19139211820671842 	0.19007627472137545 	
-8.138974108451393 	-1.1189260273972597 	0.19495172666831379 	0.19359360917911692 	
-8.128969223253542 	-1.0943342465753423 	0.19859703825338926 	0.19720328844315713 	
-8.118964338055692 	-1.069742465753424 	0.20232122082592874 	0.20089226842947128 	
-8.10895945285784 	-1.0451506849315066 	0.20614035620276291 	0.20466809022497634 	
-8.098954567659991 	-1.0205589041095893 	0.21009186022196588 	0.20856127389607682 	
-8.08894968246214 	-0.995967123287671 	0.21422420792195485 	0.21261783928811478 	
-8.078944797264288 	-0.9713753424657536 	0.21858305777868878 	0.21688615474767572 	
-8.068939912066439 	-0.9467835616438354 	0.22319992660218013 	0.22140374390375916 	
-8.058935026868589 	-0.922191780821918 	0.22808982868289185 	0.22619107043528303 	
-8.048930141670738 	-0.8975999999999997 	0.2332580402092684 	0.2312556299068006 	
-8.038925256472886 	-0.8730082191780824 	0.23870785835619765 	0.2366003468626473 	
-8.028920371275037 	-0.8484164383561641 	0.2444439439658056 	0.24222841403173442 	
-8.018915486077187 	-0.8238246575342467 	0.2504758386977733 	0.24814614506766886 	
-8.008910600879336 	-0.7992328767123285 	0.2568263906718037 	0.2543702687771623 	
-7.998905715681485 	-0.7746410958904111 	0.26353834644441776 	0.2609368624986692 	
-7.988900830483635 	-0.7500493150684928 	0.27066709039026016 	0.26789951329605816 	
-7.9788959452857835 	-0.7254575342465754 	0.2782596680363275 	0.2753112648721874 	
-7.968891060087934 	-0.7008657534246572 	0.28633729056987933 	0.2832032141925157 	
-7.9588861748900825 	-0.6762739726027398 	0.29489889908485334 	0.2915800513979637 	
-7.948881289692233 	-0.6516821917808215 	0.3039435872311907 	0.3004379258124166 	
-7.938876404494382 	-0.6270904109589042 	0.3134915085105112 	0.3097882575717071 	
-7.928871519296532 	-0.6024986301369859 	0.32358741568418403 	0.3196677250107041 	
-7.918866634098681 	-0.5779068493150685 	0.3342900887215918 	0.3301314101356547 	
-7.908861748900831 	-0.5533150684931503 	0.34566088346116763 	0.3412404808325201 	
-7.89885686370298 	-0.5287232876712329 	0.3577605948624496 	0.3530555669545649 	
-7.88885197850513 	-0.5041315068493146 	0.3706563004124361 	0.36564029704182105 	
-7.878847093307279 	-0.47953972602739725 	0.38443186924358963 	0.3790716904094928 	
-7.868842208109429 	-0.454947945205479 	0.39919062844871167 	0.3934465803089102 	
-7.858837322911578 	-0.4303561643835616 	0.41504644421055575 	0.4088760929961359 	
-7.848832437713727 	-0.40576438356164335 	0.43211492931977563 	0.4254751346286508 	
-7.838827552515877 	-0.381172602739726 	0.45051818010559014 	0.4433619666778554 	
-7.828822667318026 	-0.3565808219178077 	0.47039932248352323 	0.4626709012297088 	
-7.818817782120176 	-0.33198904109589034 	0.491930187279434 	0.48356375114231376 	
-7.808812896922325 	-0.3073972602739721 	0.5153064446355756 	0.5062284423180261 	
-7.798808011724475 	-0.2828054794520547 	0.5407434766102689 	0.5308733074789781 	
-7.788803126526624 	-0.25821369863013643 	0.5684808725732639 	0.5577296785163289 	
-7.778798241328774 	-0.23362191780821906 	0.5987832438289695 	0.5870546923878147 	
-7.7687933561309235 	-0.2090301369863008 	0.6319375190603792 	0.6191264636189279 	
-7.758788470933073 	-0.18443835616438342 	0.6682670697364315 	0.6542535253936377 	
-7.7487835857352225 	-0.15984657534246516 	0.7081209873106686 	0.6927851650064447 	
-7.738778700537372 	-0.13525479452054778 	0.7517459954392571 	0.7350244998334002 	
-7.728773815339521 	-0.11066301369862952 	0.7990980776417687 	0.7810441899610683 	
-7.718768930141671 	-0.08607123287671214 	0.8496497514521781 	0.8305408961398068 	
-7.70876404494382 	-0.06147945205479388 	0.9016383709829989 	0.8823883217585411 	
-7.69875915974597 	-0.03688767123287651 	0.9502319018010404 	0.9330797349553056 	
-7.688754274548119 	-0.012295890410958243 	0.9864048087697748 	0.9749121959935808 	
-7.678749389350269 	0.012295890410959132 	1.0 	0.9973906531876953 	
-7.668744504152418 	0.03688767123287651 	0.9864048087697748 	0.9932809510370407 	
-7.658739618954568 	0.06147945205479477 	0.9502319018010404 	0.964117649455624 	
-7.648734733756717 	0.08607123287671214 	0.9016383709829989 	0.9188779740405438 	
-7.638729848558867 	0.11066301369863041 	0.8496497514521781 	0.867494049111857 	
-7.628724963361016 	0.13525479452054778 	0.7990980776417687 	0.8162308332551969 	
-7.618720078163166 	0.15984657534246605 	0.7517459954392571 	0.7677110125754718 	
-7.608715192965315 	0.18443835616438342 	0.7081209873106686 	0.7227910702050325 	
-7.5987103077674645 	0.20903013698630168 	0.6682670697364315 	0.6816623366483835 	
-7.588705422569614 	0.23362191780821906 	0.6319375190603791 	0.6441581745720285 	
-7.5787005373717635 	0.2582136986301373 	0.5987832438289695 	0.6099457874159309 	
-7.568695652173913 	0.2828054794520547 	0.5684808725732639 	0.5786893644433009 	
-7.558690766976063 	0.30739726027397296 	0.5407434766102689 	0.550091845897491 	
-7.548685881778212 	0.33198904109589034 	0.5153064446355756 	0.5238815531161614 	
-7.538680996580362 	0.3565808219178086 	0.49193018727943394 	0.49981105157698674 	
-7.528676111382511 	0.381172602739726 	0.470399322483523 	0.47765817961095514 	
-7.518671226184661 	0.40576438356164424 	0.45051818010559014 	0.4572206941272586 	
-7.50866634098681 	0.4303561643835616 	0.43211492931977563 	0.4383177181303546 	
-7.49866145578896 	0.4549479452054799 	0.41504644421055575 	0.42079657560987915 	
-7.488656570591109 	0.47953972602739725 	0.39919062844871167 	0.4045297634194141 	
-7.478651685393258 	0.5041315068493155 	0.38443186924358963 	0.38940070144840067 	
-7.468646800195408 	0.5287232876712329 	0.3706563004124361 	0.37529421186458123 	
-7.458641914997557 	0.5533150684931512 	0.3577605948624496 	0.3621018345078201 	
-7.448637029799707 	0.5779068493150685 	0.34566088346116763 	0.34973270001335865 	
-7.438632144601856 	0.6024986301369868 	0.3342900887215918 	0.3381151182535975 	
-7.428627259404006 	0.6270904109589042 	0.323587415684184 	0.3271874342694213 	
-7.418622374206155 	0.6516821917808224 	0.3134915085105112 	0.3168886985481206 	
-7.408617489008305 	0.6762739726027398 	0.3039435872311907 	0.3071579854677769 	
-7.398612603810454 	0.7008657534246581 	0.29489889908485334 	0.29794366016702556 	
-7.3886077186126045 	0.7254575342465754 	0.28633729056987933 	0.2892160838075362 	
-7.378602833414753 	0.7500493150684937 	0.27825966803632757 	0.28097035747485577 	
-7.368597948216903 	0.7746410958904111 	0.2706670903902601 	0.2732103851733649 	
-7.358593063019052 	0.7992328767123293 	0.26353834644441776 	0.2659243449260994 	
-7.348588177821202 	0.8238246575342467 	0.2568263906718037 	0.2590733637806578 	
-7.338583292623351 	0.848416438356165 	0.2504758386977733 	0.2526030226364858 	
-7.328578407425501 	0.8730082191780824 	0.2444439439658056 	0.24646512248181182 	
-7.31857352222765 	0.8976000000000006 	0.23870785835619765 	0.24063020273778798 	
-7.3085686370298 	0.922191780821918 	0.2332580402092684 	0.2350846614889234 	
-7.298563751831949 	0.9467835616438363 	0.22808982868289185 	0.22982201461084278 	
-7.288558866634099 	0.9713753424657536 	0.22319992660218013 	0.2248381317008115 	
-7.278553981436248 	0.9959671232876719 	0.21858305777868878 	0.22012885601001303 	
-7.268549096238398 	1.0205589041095893 	0.21422420792195485 	0.21568368447712588 	
-7.258544211040547 	1.0451506849315075 	0.21009186022196588 	0.21147748460914811 	
-7.248539325842696 	1.069742465753425 	0.20614035620276291 	0.2074690167400081 	
-7.238534440644846 	1.0943342465753423 	0.20232122082592874 	0.20360949335040157 	
-7.228529555446995 	1.1189260273972605 	0.1985970382533892 	0.19985619816135 	
-7.2185246702491455 	1.143517808219178 	0.19495172666831379 	0.19618472018210326 	
-7.208519785051294 	1.1681095890410962 	0.19139211820671842 	0.1925942647760822 	
-7.1985148998534445 	1.1927013698630136 	0.18793879333062213 	0.18910218746588567 	
-7.188510014655593 	1.2172931506849318 	0.1846110343056683 	0.1857300124611879 	
-7.1785051294577435 	1.2418849315068492 	0.18141476547120167 	0.18248927870252635 	
-7.168500244259892 	1.2664767123287675 	0.17833940544199467 	0.17937493255791936 	
-7.158495359062043 	1.2910684931506848 	0.17536390017106027 	0.17636853834463306 	
-7.148490473864191 	1.315660273972603 	0.17246757446704314 	0.17344815618705703 	
-7.138485588666342 	1.3402520547945205 	0.16963913485006044 	0.17059852307128487 	
-7.12848070346849 	1.3648438356164387 	0.16687927021388757 	0.1678160204780836 	
-7.11847581827064 	1.3894356164383561 	0.16419719469918376 	0.16510730008548744 	
-7.108470933072789 	1.4140273972602744 	0.16160401742419392 	0.16248359528798034 	
-7.098466047874939 	1.4386191780821918 	0.1591063527182543 	0.15995365618203394 	
-7.088461162677088 	1.46321095890411 	0.15670428598094105 	0.1575195894296054 	
-7.078456277479238 	1.4878027397260274 	0.15439541934975204 	0.15517903346292158 	
-7.068451392281387 	1.5123945205479457 	0.1521807240160854 	0.15293131276339034 	
-7.058446507083537 	1.536986301369863 	0.15006616979365733 	0.15078095151929027 	
-7.0484416218856865 	1.5615780821917813 	0.14806043615961476 	0.1487362266016521 	
-7.038436736687836 	1.5861698630136987 	0.14617390495595062 	0.14680723271006446 	
-7.0284318514899855 	1.610761643835617 	0.14441957368841252 	0.14500630978294293 	
-7.018426966292135 	1.6353534246575343 	0.14281121095894783 	0.1433473198644202 	
-7.0084220810942846 	1.6599452054794526 	0.14135790723483052 	0.14184118783088076 	
-6.998417195896433 	1.68453698630137 	0.14005953868064452 	0.14049104375043325 	
-6.988412310698584 	1.7091287671232882 	0.13890495739917916 	0.1392898307321219 	
-6.978407425500732 	1.7337205479452065 	0.13787108626154992 	0.13821887639598218 	
-6.968402540302883 	1.758312328767123 	0.13692450362362496 	0.13724783100605728 	
-6.958397655105031 	1.7829041095890412 	0.13602944729720928 	0.13634041908897382 	
-6.948392769907182 	1.8074958904109595 	0.13515966410070063 	0.135466007110354 	
-6.93838788470933 	1.8320876712328777 	0.13430515845221375 	0.1346088214589114 	
-6.928382999511481 	1.8566794520547942 	0.133469373119724 	0.13376791222524367 	
-6.918378114313629 	1.8812712328767125 	0.13266207476510955 	0.13295079706757246 	
-6.90837322911578 	1.9058630136986308 	0.13189488636008345 	0.13216842881907495 	
-6.898368343917928 	1.930454794520549 	0.13117899118655957 	0.1314330486257508 	
-6.888363458720079 	1.9550465753424655 	0.13052063166016498 	0.13075433554652355 	
-6.8783585735222275 	1.9796383561643838 	0.12991544111300357 	0.13013287671164964 	
-6.868353688324377 	2.004230136986302 	0.1293474758744852 	0.12955663120794267 	
-6.8583488031265265 	2.0288219178082203 	0.12879530635542868 	0.12900486549280252 	
-6.848343917928676 	2.053413698630137 	0.12824128943434768 	0.12845729430568834 	
-6.8383390327308256 	2.078005479452055 	0.12767782698534436 	0.12790213380999516 	
-6.828334147532975 	2.1025972602739733 	0.12710651551962765 	0.12733782777680214 	
-6.818329262335125 	2.12718904109589 	0.12653131744941837 	0.12676790782115854 	
-6.808324377137274 	2.151780821917808 	0.12595198472025915 	0.12619383793808006 	
-6.798319491939424 	2.1763726027397263 	0.12536416144609355 	0.1256125363377983 	
-6.788314606741573 	2.2009643835616446 	0.12476637097096718 	0.1250211567737391 	
-6.778309721543723 	2.225556164383561 	0.12416672794396796 	0.1244242817142082 	
-6.768304836345872 	2.2501479452054793 	0.12358247985763529 	0.12383601930975116 	
-6.758299951148022 	2.2747397260273976 	0.12303313206012517 	0.12327524808434448 	
-6.74829506595017 	2.299331506849316 	0.12253257266738296 	0.12275817173159902 	
-6.738290180752321 	2.3239232876712324 	0.12208404436287545 	0.1222922190689151 	
-6.728285295554469 	2.3485150684931506 	0.12167960989328915 	0.1218736168996132 	
-6.71828041035662 	2.373106849315069 	0.1213033285233373 	0.12148933900451014 	
-6.7082755251587685 	2.397698630136987 	0.12093457224746637 	0.12112059784602931 	
-6.698270639960919 	2.4222904109589036 	0.12055064044858738 	0.12074527196443177 	
-6.6882657547630675 	2.446882191780822 	0.12013270024962133 	0.1203423165586187 	
-6.678260869565218 	2.47147397260274 	0.11967433863916153 	0.11990024993339968 	
-6.6682559843673666 	2.4960657534246584 	0.11918352748285825 	0.1194224444355245 	
-6.658251099169517 	2.520657534246575 	0.1186736745627053 	0.11892152245980525 	
-6.648246213971666 	2.545249315068493 	0.11815260676801859 	0.11840776407561177 	
-6.638241328773815 	2.5698410958904114 	0.11761984870795326 	0.11788313465104586 	
-6.628236443575965 	2.5944328767123297 	0.11707188988579624 	0.11734442146949418 	
-6.618231558378114 	2.619024657534246 	0.11650855077134084 	0.1167897455438928 	
-6.608226673180264 	2.6436164383561644 	0.11593614910082557 	0.11622293549064985 	
-6.598221787982413 	2.6682082191780827 	0.11536694911095388 	0.11565429076733029 	
-6.588216902784563 	2.692800000000001 	0.11481613702413695 	0.11509827263784429 	
-6.578212017586712 	2.7173917808219175 	0.11429960321278676 	0.11457068537189685 	
-6.568207132388862 	2.7419835616438357 	0.11383476466839894 	0.11408858548432371 	
-6.558202247191011 	2.766575342465754 	0.11344060858561487 	0.11367110949100032 	
-6.548197361993161 	2.7911671232876722 	0.11313205455847447 	0.11333555525559652 	
-6.53819247679531 	2.8157589041095887 	0.11291222677725453 	0.11308937504356449 	
-6.52818759159746 	2.840350684931507 	0.1127706571559686 	0.11292610084318228 	
-6.5181827063996085 	2.8649424657534253 	0.11268734641804097 	0.11282831109480689 	
-6.508177821201759 	2.8895342465753435 	0.1126358772706186 	0.11277153420658774 	
-6.4981729360039076 	2.91412602739726 	0.1125854600295651 	0.11272589277111661 	
-6.488168050806058 	2.9387178082191783 	0.11250857119283242 	0.11266146511207818 	
-6.478163165608207 	2.9633095890410965 	0.11239241313526015 	0.11255959100746254 	
-6.468158280410357 	2.987901369863015 	0.11224240031214233 	0.11242005834757693 	
-6.458153395212506 	3.0124931506849313 	0.112073887562354 	0.11225601035611654 	
-6.448148510014656 	3.0370849315068495 	0.11190278254554537 	0.11208362741704517 	
-6.438143624816805 	3.061676712328768 	0.11174336728585794 	0.11191765762392253 	
-6.428138739618955 	3.086268493150686 	0.11160892068851143 	0.11177201069330898 	
-6.418133854421104 	3.1108602739726026 	0.1115095263893388 	0.11165848067197569 	
-6.408128969223254 	3.135452054794521 	0.11144973611852957 	0.1115837271476805 	
-6.398124084025403 	3.160043835616439 	0.1114299416711022 	0.11154920547281481 	
-6.388119198827552 	3.1846356164383556 	0.11144973611852953 	0.11155427587041175 	
-6.378114313629702 	3.209227397260274 	0.1115095263893388 	0.11159885268282749 	
-6.368109428431851 	3.233819178082192 	0.11160892068851141 	0.11168306641775463 	
-6.358104543234001 	3.2584109589041104 	0.11174336728585794 	0.11180422261579226 	
-6.34809965803615 	3.283002739726027 	0.11190278254554535 	0.11195425973558179 	
-6.3380947728383 	3.307594520547945 	0.11207388756235398 	0.11212089725408658 	
-6.328089887640449 	3.3321863013698634 	0.11224240031214233 	0.11229034112562498 	
-6.318085002442599 	3.3567780821917816 	0.11239241313526015 	0.11244724911731281 	
-6.3080801172447485 	3.381369863013698 	0.11250857119283245 	0.11257510608573511 	
-6.298075232046898 	3.4059616438356164 	0.11258546002956511 	0.11266369971877149 	
-6.2880703468490475 	3.4305534246575347 	0.11263587727061858 	0.11271940761898633 	
-6.278065461651197 	3.455145205479453 	0.11268734641804096 	0.11276594973786334 	
-6.268060576453346 	3.4797369863013694 	0.1127706571559686 	0.11283414537155768 	
-6.258055691255496 	3.5043287671232877 	0.11291222677725453 	0.11295216350034713 	
-6.248050806057645 	3.528920547945206 	0.11313205455847451 	0.11314233093853443 	
-6.238045920859795 	3.553512328767124 	0.11344060858561487 	0.11341885402568927 	
-6.228041035661945 	3.5781041095890407 	0.11383476466839897 	0.11378337865696746 	
-6.218036150464094 	3.602695890410959 	0.11429960321278679 	0.11422439389156641 	
-6.208031265266243 	3.627287671232877 	0.11481613702413695 	0.11472370385651727 	
-6.198026380068392 	3.6518794520547955 	0.11536694911095388 	0.1152634309317124 	
-6.188021494870542 	3.676471232876712 	0.11593614910082557 	0.11582742527253494 	
-6.178016609672691 	3.70106301369863 	0.11650855077134087 	0.11640002229678448 	
-6.168011724474841 	3.7256547945205485 	0.11707188988579628 	0.1169673693628704 	
-6.15800683927699 	3.7502465753424667 	0.11761984870795326 	0.11752073133632858 	
-6.14800195407914 	3.7748383561643832 	0.11815260676801859 	0.1180582198708978 	
-6.1379970688812895 	3.7994301369863015 	0.11867367456270535 	0.11858294520333729 	
-6.127992183683439 	3.8240219178082198 	0.11918352748285825 	0.11909730215354192 	
-6.1179872984855885 	3.848613698630138 	0.11967433863916153 	0.11959634068460422 	
-6.107982413287738 	3.8732054794520545 	0.12013270024962137 	0.12006722737808273 	
-6.097977528089888 	3.8977972602739728 	0.1205506404485874 	0.1204984031081548 	
-6.087972642892037 	3.922389041095891 	0.1209345722474664 	0.12089079202486468 	
-6.077967757694187 	3.9469808219178093 	0.1213033285233373 	0.12125973757643657 	
-6.067962872496336 	3.971572602739726 	0.12167960989328917 	0.12162759980584187 	
-6.057957987298486 	3.996164383561644 	0.12208404436287545 	0.12201639570444114 	
-6.047953102100635 	4.020756164383562 	0.12253257266738293 	0.12244443226064769 	
-6.037948216902785 	4.045347945205481 	0.12303313206012517 	0.12292330743176803 	
-6.027943331704934 	4.069939726027397 	0.12358247985763529 	0.12345418327520521 	
-6.017938446507084 	4.094531506849315 	0.12416672794396796 	0.12402660215930826 	
-6.007933561309233 	4.119123287671234 	0.12476637097096718 	0.12462186435621916 	
-5.997928676111383 	4.143715068493152 	0.12536416144609355 	0.12522041263283348 	
-5.987923790913532 	4.168306849315068 	0.12595198472025915 	0.12581021425470007 	
-5.977918905715682 	4.192898630136987 	0.12653131744941837 	0.12639016877410844 	
-5.9679140205178305 	4.217490410958905 	0.1271065155196277 	0.12696508042532542 	
-5.95790913531998 	4.242082191780821 	0.12767782698534433 	0.12753724473432504 	
-5.9479042501221295 	4.26667397260274 	0.12824128943434768 	0.12810340634987805 	
-5.937899364924279 	4.291265753424658 	0.12879530635542868 	0.12865981359020354 	
-5.927894479726429 	4.315857534246576 	0.12934747587448522 	0.12921004680850962 	
-5.917889594528578 	4.340449315068493 	0.12991544111300357 	0.12976831424422774 	
-5.907884709330728 	4.365041095890411 	0.13052063166016498 	0.13035534530100906 	
-5.897879824132877 	4.389632876712329 	0.13117899118655954 	0.13098972130220662 	
-5.887874938935027 	4.414224657534247 	0.13189488636008345 	0.13168038074028693 	
-5.877870053737176 	4.438816438356164 	0.13266207476510955 	0.13242512675771467 	
-5.867865168539326 	4.463408219178082 	0.13346937311972404 	0.1332148490536426 	
-5.857860283341475 	4.488 	0.13430515845221375 	0.1340381956176527 	
-5.847855398143625 	4.512591780821919 	0.13515966410070065 	0.1348840013587892 	
-5.837850512945774 	4.537183561643835 	0.13602944729720928 	0.13574510015043384 	
-5.827845627747924 	4.5617753424657534 	0.136924503623625 	0.13662572699460404 	
-5.817840742550073 	4.586367123287672 	0.13787108626154995 	0.1375468271656145 	
-5.807835857352223 	4.61095890410959 	0.13890495739917916 	0.13854226074427767 	
-5.797830972154372 	4.6355506849315065 	0.14005953868064455 	0.13964759242298894 	
-5.787826086956522 	4.660142465753425 	0.14135790723483055 	0.14089022139662302 	
-5.777821201758671 	4.684734246575343 	0.14281121095894786 	0.14228578751433096 	
-5.767816316560821 	4.709326027397261 	0.14441957368841254 	0.14383818236222376 	
-5.7578114313629705 	4.733917808219178 	0.14617390495595062 	0.14554067044767072 	
-5.74780654616512 	4.758509589041096 	0.1480604361596148 	0.14737983783620012 	
-5.7378016609672695 	4.783101369863014 	0.15006616979365728 	0.14934178224528977 	
-5.727796775769419 	4.8076931506849325 	0.1521807240160854 	0.15141544438136564 	
-5.717791890571568 	4.832284931506849 	0.154395419349752 	0.1535917619003101 	
-5.707787005373717 	4.856876712328767 	0.15670428598094108 	0.1558635690013289 	
-5.697782120175867 	4.8814684931506855 	0.1591063527182543 	0.15822808949639328 	
-5.687777234978016 	4.906060273972604 	0.16160401742419395 	0.16068713258004616 	
-5.677772349780166 	4.93065205479452 	0.16419719469918376 	0.16324218796455517 	
-5.667767464582315 	4.9552438356164386 	0.16687927021388754 	0.16588905253526598 	
-5.657762579384465 	4.979835616438357 	0.16963913485006044 	0.16861765533926729 	
-5.647757694186614 	5.004427397260275 	0.17246757446704317 	0.17141724048947024 	
-5.637752808988764 	5.029019178082192 	0.17536390017106027 	0.1742833237297273 	
-5.627747923790913 	5.05361095890411 	0.17833940544199467 	0.17722281287042685 	
-5.617743038593063 	5.078202739726028 	0.18141476547120164 	0.18025387744015153 	
-5.607738153395212 	5.102794520547946 	0.18461103430566836 	0.18339878814615712 	
-5.597733268197362 	5.127386301369863 	0.18793879333062213 	0.18667288332059462 	
-5.5877283829995115 	5.151978082191781 	0.19139211820671842 	0.19007627472137545 	
-5.577723497801661 	5.176569863013699 	0.19495172666831379 	0.19359360917911692 	
-5.5677186126038105 	5.201161643835618 	0.19859703825338926 	0.19720328844315713 	
-5.55771372740596 	5.225753424657534 	0.20232122082592874 	0.20089226842947128 	
-5.54770884220811 	5.250345205479452 	0.20614035620276291 	0.20466809022497634 	
-5.537703957010259 	5.274936986301371 	0.21009186022196588 	0.20856127389607682 	
-5.527699071812409 	5.299528767123287 	0.21422420792195485 	0.21261783928811478 	
-5.517694186614558 	5.324120547945205 	0.21858305777868878 	0.21688615474767572 	
-5.507689301416708 	5.348712328767124 	0.22319992660218013 	0.22140374390375916 	
-5.497684416218857 	5.373304109589042 	0.22808982868289185 	0.22619107043528303 	
-5.487679531021007 	5.397895890410958 	0.2332580402092684 	0.2312556299068006 	
-5.477674645823155 	5.422487671232877 	0.23870785835619765 	0.2366003468626473 	
-5.467669760625305 	5.447079452054795 	0.2444439439658056 	0.24222841403173442 	
-5.457664875427454 	5.471671232876713 	0.2504758386977733 	0.24814614506766886 	
-5.447659990229604 	5.49626301369863 	0.2568263906718037 	0.2543702687771623 	
-5.437655105031753 	5.520854794520548 	0.26353834644441776 	0.2609368624986692 	
-5.427650219833903 	5.545446575342466 	0.27066709039026016 	0.26789951329605816 	
-5.4176453346360525 	5.5700383561643845 	0.2782596680363275 	0.2753112648721874 	
-5.407640449438202 	5.594630136986301 	0.28633729056987933 	0.2832032141925157 	
-5.3976355642403515 	5.619221917808219 	0.29489889908485334 	0.2915800513979637 	
-5.387630679042501 	5.6438136986301375 	0.3039435872311907 	0.3004379258124166 	
-5.377625793844651 	5.668405479452056 	0.3134915085105112 	0.3097882575717071 	
-5.3676209086468 	5.692997260273972 	0.32358741568418403 	0.3196677250107041 	
-5.35761602344895 	5.7175890410958905 	0.3342900887215918 	0.3301314101356547 	
-5.347611138251099 	5.742180821917809 	0.34566088346116763 	0.3412404808325201 	
-5.337606253053249 	5.766772602739727 	0.3577605948624496 	0.3530555669545649 	
-5.327601367855398 	5.7913643835616435 	0.3706563004124361 	0.36564029704182105 	
-5.317596482657548 	5.815956164383562 	0.38443186924358963 	0.3790716904094928 	
-5.307591597459697 	5.84054794520548 	0.39919062844871167 	0.3934465803089102 	
-5.297586712261847 	5.865139726027398 	0.41504644421055575 	0.4088760929961359 	
-5.287581827063996 	5.889731506849315 	0.43211492931977563 	0.4254751346286508 	
-5.277576941866146 	5.914323287671233 	0.45051818010559014 	0.4433619666778554 	
-5.267572056668295 	5.938915068493151 	0.47039932248352323 	0.4626709012297088 	
-5.257567171470445 	5.96350684931507 	0.491930187279434 	0.48356375114231376 	
-5.247562286272594 	5.988098630136986 	0.5153064446355756 	0.5062284423180261 	
-5.237557401074743 	6.012690410958904 	0.5407434766102689 	0.5308733074789781 	
-5.2275525158768925 	6.037282191780823 	0.5684808725732639 	0.5577296785163289 	
-5.217547630679042 	6.061873972602741 	0.5987832438289695 	0.5870546923878147 	
-5.207542745481192 	6.086465753424657 	0.6319375190603792 	0.6191264636189279 	
-5.197537860283341 	6.111057534246576 	0.6682670697364315 	0.6542535253936377 	
-5.187532975085491 	6.135649315068494 	0.7081209873106686 	0.6927851650064447 	
-5.17752808988764 	6.160241095890412 	0.7517459954392571 	0.7350244998334002 	
-5.16752320468979 	6.184832876712329 	0.7990980776417687 	0.7810441899610683 	
-5.157518319491939 	6.209424657534247 	0.8496497514521781 	0.8305408961398068 	
-5.147513434294089 	6.234016438356165 	0.9016383709829989 	0.8823883217585411 	
-5.137508549096238 	6.258608219178083 	0.9502319018010404 	0.9330797349553056 	
-5.127503663898388 	6.2832 	0.9864048087697748 	0.9749121959935808 	
-5.117498778700537 	- 	- 	- 	
-5.107493893502687 	- 	- 	- 	
-5.097489008304836 	- 	- 	- 	
-5.087484123106986 	- 	- 	- 	
-5.077479237909135 	- 	- 	- 	
-5.067474352711285 	- 	- 	- 	
-5.057469467513434 	- 	- 	- 	
-5.047464582315584 	- 	- 	- 	
-5.0374596971177334 	- 	- 	- 	
-5.027454811919883 	- 	- 	- 	
-5.0174499267220325 	- 	- 	- 	
-5.007445041524182 	- 	- 	- 	
-4.9974401563263315 	- 	- 	- 	
-4.98743527112848 	- 	- 	- 	
-4.97743038593063 	- 	- 	- 	
-4.967425500732779 	- 	- 	- 	
-4.957420615534929 	- 	- 	- 	
-4.947415730337078 	- 	- 	- 	
-4.937410845139228 	- 	- 	- 	
-4.927405959941377 	- 	- 	- 	
-4.917401074743527 	- 	- 	- 	
-4.907396189545676 	- 	- 	- 	
-4.897391304347826 	- 	- 	- 	
-4.887386419149975 	- 	- 	- 	
-4.877381533952125 	- 	- 	- 	
-4.8673766487542744 	- 	- 	- 	
-4.857371763556424 	- 	- 	- 	
-4.8473668783585735 	- 	- 	- 	
-4.837361993160723 	- 	- 	- 	
-4.8273571079628725 	- 	- 	- 	
-4.817352222765022 	- 	- 	- 	
-4.807347337567172 	- 	- 	- 	
-4.797342452369321 	- 	- 	- 	
-4.787337567171471 	- 	- 	- 	
-4.77733268197362 	- 	- 	- 	
-4.76732779677577 	- 	- 	- 	
-4.757322911577919 	- 	- 	- 	
-4.747318026380068 	- 	- 	- 	
-4.737313141182217 	- 	- 	- 	
-4.727308255984367 	- 	- 	- 	
-4.717303370786516 	- 	- 	- 	
-4.707298485588666 	- 	- 	- 	
-4.6972936003908154 	- 	- 	- 	
-4.687288715192965 	- 	- 	- 	
-4.6772838299951145 	- 	- 	- 	
-4.667278944797264 	- 	- 	- 	
-4.6572740595994135 	- 	- 	- 	
-4.647269174401563 	- 	- 	- 	
-4.637264289203713 	- 	- 	- 	
-4.627259404005862 	- 	- 	- 	
-4.617254518808012 	- 	- 	- 	
-4.607249633610161 	- 	- 	- 	
-4.597244748412311 	- 	- 	- 	
-4.58723986321446 	- 	- 	- 	
-4.57723497801661 	- 	- 	- 	
-4.567230092818759 	- 	- 	- 	
-4.557225207620909 	- 	- 	- 	
-4.547220322423058 	- 	- 	- 	
-4.537215437225208 	- 	- 	- 	
-4.527210552027357 	- 	- 	- 	
-4.517205666829507 	- 	- 	- 	
-4.5072007816316555 	- 	- 	- 	
-4.497195896433805 	- 	- 	- 	
-4.4871910112359545 	- 	- 	- 	
-4.477186126038104 	- 	- 	- 	
-4.467181240840254 	- 	- 	- 	
-4.457176355642403 	- 	- 	- 	
-4.447171470444553 	- 	- 	- 	
-4.437166585246702 	- 	- 	- 	
-4.427161700048852 	- 	- 	- 	
-4.417156814851001 	- 	- 	- 	
-4.407151929653151 	- 	- 	- 	
-4.3971470444553 	- 	- 	- 	
-4.38714215925745 	- 	- 	- 	
-4.377137274059599 	- 	- 	- 	
-4.367132388861749 	- 	- 	- 	
-4.357127503663898 	- 	- 	- 	
-4.347122618466048 	- 	- 	- 	
-4.337117733268197 	- 	- 	- 	
-4.327112848070347 	- 	- 	- 	
-4.317107962872496 	- 	- 	- 	
-4.307103077674646 	- 	- 	- 	
-4.2970981924767955 	- 	- 	- 	
-4.287093307278945 	- 	- 	- 	
-4.2770884220810945 	- 	- 	- 	
-4.267083536883244 	- 	- 	- 	
-4.257078651685393 	- 	- 	- 	
-4.247073766487542 	- 	- 	- 	
-4.237068881289692 	- 	- 	- 	
-4.227063996091841 	- 	- 	- 	
-4.217059110893991 	- 	- 	- 	
-4.20705422569614 	- 	- 	- 	
-4.19704934049829 	- 	- 	- 	
-4.187044455300439 	- 	- 	- 	
-4.177039570102589 	- 	- 	- 	
-4.167034684904738 	- 	- 	- 	
-4.157029799706888 	- 	- 	- 	
-4.147024914509037 	- 	- 	- 	
-4.137020029311187 	- 	- 	- 	
-4.1270151441133365 	- 	- 	- 	
-4.117010258915486 	- 	- 	- 	
-4.1070053737176355 	- 	- 	- 	
-4.097000488519785 	- 	- 	- 	
-4.086995603321935 	- 	- 	- 	
-4.076990718124084 	- 	- 	- 	
-4.066985832926234 	- 	- 	- 	
-4.056980947728383 	- 	- 	- 	
-4.046976062530533 	- 	- 	- 	
-4.036971177332682 	- 	- 	- 	
-4.026966292134832 	- 	- 	- 	
-4.01696140693698 	- 	- 	- 	
-4.00695652173913 	- 	- 	- 	
-3.9969516365412794 	- 	- 	- 	
-3.986946751343429 	- 	- 	- 	
-3.9769418661455784 	- 	- 	- 	
-3.966936980947728 	- 	- 	- 	
-3.9569320957498775 	- 	- 	- 	
-3.946927210552027 	- 	- 	- 	
-3.9369223253541765 	- 	- 	- 	
-3.926917440156326 	- 	- 	- 	
-3.9169125549584756 	- 	- 	- 	
-3.906907669760625 	- 	- 	- 	
-3.8969027845627746 	- 	- 	- 	
-3.886897899364924 	- 	- 	- 	
-3.8768930141670737 	- 	- 	- 	
-3.866888128969223 	- 	- 	- 	
-3.8568832437713727 	- 	- 	- 	
-3.8468783585735222 	- 	- 	- 	
-3.8368734733756718 	- 	- 	- 	
-3.8268685881778213 	- 	- 	- 	
-3.816863702979971 	- 	- 	- 	
-3.8068588177821203 	- 	- 	- 	
-3.79685393258427 	- 	- 	- 	
-3.7868490473864194 	- 	- 	- 	
-3.776844162188569 	- 	- 	- 	
-3.7668392769907175 	- 	- 	- 	
-3.756834391792867 	- 	- 	- 	
-3.7468295065950166 	- 	- 	- 	
-3.736824621397166 	- 	- 	- 	
-3.7268197361993156 	- 	- 	- 	
-3.716814851001465 	- 	- 	- 	
-3.7068099658036147 	- 	- 	- 	
-3.696805080605764 	- 	- 	- 	
-3.6868001954079137 	- 	- 	- 	
-3.6767953102100632 	- 	- 	- 	
-3.6667904250122128 	- 	- 	- 	
-3.6567855398143623 	- 	- 	- 	
-3.646780654616512 	- 	- 	- 	
-3.6367757694186613 	- 	- 	- 	
-3.626770884220811 	- 	- 	- 	
-3.6167659990229604 	- 	- 	- 	
-3.60676111382511 	- 	- 	- 	
-3.5967562286272594 	- 	- 	- 	
-3.586751343429409 	- 	- 	- 	
-3.5767464582315585 	- 	- 	- 	
-3.566741573033708 	- 	- 	- 	
-3.5567366878358575 	- 	- 	- 	
-3.546731802638007 	- 	- 	- 	
-3.5367269174401565 	- 	- 	- 	
-3.526722032242305 	- 	- 	- 	
-3.5167171470444547 	- 	- 	- 	
-3.5067122618466042 	- 	- 	- 	
-3.4967073766487538 	- 	- 	- 	
-3.4867024914509033 	- 	- 	- 	
-3.476697606253053 	- 	- 	- 	
-3.4666927210552023 	- 	- 	- 	
-3.456687835857352 	- 	- 	- 	
-3.4466829506595014 	- 	- 	- 	
-3.436678065461651 	- 	- 	- 	
-3.4266731802638004 	- 	- 	- 	
-3.41666829506595 	- 	- 	- 	
-3.4066634098680995 	- 	- 	- 	
-3.396658524670249 	- 	- 	- 	
-3.3866536394723985 	- 	- 	- 	
-3.376648754274548 	- 	- 	- 	
-3.3666438690766975 	- 	- 	- 	
-3.356638983878847 	- 	- 	- 	
-3.3466340986809966 	- 	- 	- 	
-3.336629213483146 	- 	- 	- 	
-3.3266243282852956 	- 	- 	- 	
-3.316619443087445 	- 	- 	- 	
-3.3066145578895947 	- 	- 	- 	
-3.296609672691744 	- 	- 	- 	
-3.286604787493893 	- 	- 	- 	
-3.2765999022960424 	- 	- 	- 	
-3.266595017098192 	- 	- 	- 	
-3.2565901319003414 	- 	- 	- 	
-3.246585246702491 	- 	- 	- 	
-3.2365803615046405 	- 	- 	- 	
-3.22657547630679 	- 	- 	- 	
-3.2165705911089395 	- 	- 	- 	
-3.206565705911089 	- 	- 	- 	
-3.1965608207132385 	- 	- 	- 	
-3.186555935515388 	- 	- 	- 	
-3.1765510503175376 	- 	- 	- 	
-3.166546165119687 	- 	- 	- 	
-3.1565412799218366 	- 	- 	- 	
-3.146536394723986 	- 	- 	- 	
-3.1365315095261357 	- 	- 	- 	
-3.126526624328285 	- 	- 	- 	
-3.1165217391304347 	- 	- 	- 	
-3.1065168539325843 	- 	- 	- 	
-3.0965119687347338 	- 	- 	- 	
-3.0865070835368833 	- 	- 	- 	
-3.076502198339033 	- 	- 	- 	
-3.0664973131411823 	- 	- 	- 	
-3.056492427943332 	- 	- 	- 	
-3.0464875427454814 	- 	- 	- 	
-3.03648265754763 	- 	- 	- 	
-3.0264777723497795 	- 	- 	- 	
-3.016472887151929 	- 	- 	- 	
-3.0064680019540786 	- 	- 	- 	
-2.996463116756228 	- 	- 	- 	
-2.9864582315583776 	- 	- 	- 	
-2.976453346360527 	- 	- 	- 	
-2.9664484611626767 	- 	- 	- 	
-2.956443575964826 	- 	- 	- 	
-2.9464386907669757 	- 	- 	- 	
-2.9364338055691253 	- 	- 	- 	
-2.9264289203712748 	- 	- 	- 	
-2.9164240351734243 	- 	- 	- 	
-2.906419149975574 	- 	- 	- 	
-2.8964142647777233 	- 	- 	- 	
-2.886409379579873 	- 	- 	- 	
-2.8764044943820224 	- 	- 	- 	
-2.866399609184172 	- 	- 	- 	
-2.8563947239863214 	- 	- 	- 	
-2.846389838788471 	- 	- 	- 	
-2.8363849535906205 	- 	- 	- 	
-2.82638006839277 	- 	- 	- 	
-2.8163751831949195 	- 	- 	- 	
-2.806370297997069 	- 	- 	- 	
-2.7963654127992177 	- 	- 	- 	
-2.786360527601367 	- 	- 	- 	
-2.7763556424035167 	- 	- 	- 	
-2.7663507572056663 	- 	- 	- 	
-2.756345872007816 	- 	- 	- 	
-2.7463409868099653 	- 	- 	- 	
-2.736336101612115 	- 	- 	- 	
-2.7263312164142643 	- 	- 	- 	
-2.716326331216414 	- 	- 	- 	
-2.7063214460185634 	- 	- 	- 	
-2.696316560820713 	- 	- 	- 	
-2.6863116756228624 	- 	- 	- 	
-2.676306790425012 	- 	- 	- 	
-2.6663019052271615 	- 	- 	- 	
-2.656297020029311 	- 	- 	- 	
-2.6462921348314605 	- 	- 	- 	
-2.63628724963361 	- 	- 	- 	
-2.6262823644357596 	- 	- 	- 	
-2.616277479237909 	- 	- 	- 	
-2.6062725940400586 	- 	- 	- 	
-2.596267708842208 	- 	- 	- 	
-2.5862628236443577 	- 	- 	- 	
-2.576257938446507 	- 	- 	- 	
-2.5662530532486567 	- 	- 	- 	
-2.5562481680508053 	- 	- 	- 	
-2.546243282852955 	- 	- 	- 	
-2.5362383976551044 	- 	- 	- 	
-2.526233512457254 	- 	- 	- 	
-2.5162286272594034 	- 	- 	- 	
-2.506223742061553 	- 	- 	- 	
-2.4962188568637025 	- 	- 	- 	
-2.486213971665852 	- 	- 	- 	
-2.4762090864680015 	- 	- 	- 	
-2.466204201270151 	- 	- 	- 	
-2.4561993160723006 	- 	- 	- 	
-2.44619443087445 	- 	- 	- 	
-2.4361895456765996 	- 	- 	- 	
-2.426184660478749 	- 	- 	- 	
-2.4161797752808987 	- 	- 	- 	
-2.406174890083048 	- 	- 	- 	
-2.3961700048851977 	- 	- 	- 	
-2.3861651196873472 	- 	- 	- 	
-2.3761602344894968 	- 	- 	- 	
-2.3661553492916463 	- 	- 	- 	
-2.356150464093796 	- 	- 	- 	
-2.3461455788959453 	- 	- 	- 	
-2.336140693698095 	- 	- 	- 	
-2.3261358085002444 	- 	- 	- 	
-2.316130923302394 	- 	- 	- 	
-2.3061260381045425 	- 	- 	- 	
-2.296121152906692 	- 	- 	- 	
-2.2861162677088416 	- 	- 	- 	
-2.276111382510991 	- 	- 	- 	
-2.2661064973131406 	- 	- 	- 	
-2.25610161211529 	- 	- 	- 	
-2.2460967269174397 	- 	- 	- 	
-2.23609184171959 	- 	- 	- 	
-2.2260869565217387 	- 	- 	- 	
-2.216082071323889 	- 	- 	- 	
-2.2060771861260378 	- 	- 	- 	
-2.196072300928188 	- 	- 	- 	
-2.186067415730337 	- 	- 	- 	
-2.1760625305324854 	- 	- 	- 	
-2.166057645334636 	- 	- 	- 	
-2.1560527601367845 	- 	- 	- 	
-2.146047874938935 	- 	- 	- 	
-2.1360429897410835 	- 	- 	- 	
-2.126038104543234 	- 	- 	- 	
-2.1160332193453826 	- 	- 	- 	
-2.106028334147533 	- 	- 	- 	
-2.0960234489496816 	- 	- 	- 	
-2.086018563751832 	- 	- 	- 	
-2.0760136785539807 	- 	- 	- 	
-2.066008793356131 	- 	- 	- 	
-2.0560039081582797 	- 	- 	- 	
-2.04599902296043 	- 	- 	- 	
-2.0359941377625788 	- 	- 	- 	
-2.025989252564729 	- 	- 	- 	
-2.015984367366878 	- 	- 	- 	
-2.005979482169028 	- 	- 	- 	
-1.9959745969711769 	- 	- 	- 	
-1.9859697117733273 	- 	- 	- 	
-1.975964826575476 	- 	- 	- 	
-1.9659599413776263 	- 	- 	- 	
-1.955955056179775 	- 	- 	- 	
-1.9459501709819236 	- 	- 	- 	
-1.935945285784074 	- 	- 	- 	
-1.9259404005862226 	- 	- 	- 	
-1.915935515388373 	- 	- 	- 	
-1.9059306301905217 	- 	- 	- 	
-1.895925744992672 	- 	- 	- 	
-1.8859208597948207 	- 	- 	- 	
-1.8759159745969711 	- 	- 	- 	
-1.8659110893991198 	- 	- 	- 	
-1.8559062042012702 	- 	- 	- 	
-1.8459013190034188 	- 	- 	- 	
-1.8358964338055692 	- 	- 	- 	
-1.8258915486077179 	- 	- 	- 	
-1.8158866634098683 	- 	- 	- 	
-1.805881778212017 	- 	- 	- 	
-1.7958768930141673 	- 	- 	- 	
-1.785872007816316 	- 	- 	- 	
-1.7758671226184664 	- 	- 	- 	
-1.765862237420615 	- 	- 	- 	
-1.7558573522227654 	- 	- 	- 	
-1.745852467024914 	- 	- 	- 	
-1.7358475818270644 	- 	- 	- 	
-1.725842696629213 	- 	- 	- 	
-1.7158378114313635 	- 	- 	- 	
-1.7058329262335121 	- 	- 	- 	
-1.6958280410356608 	- 	- 	- 	
-1.6858231558378112 	- 	- 	- 	
-1.6758182706399598 	- 	- 	- 	
-1.6658133854421102 	- 	- 	- 	
-1.6558085002442589 	- 	- 	- 	
-1.6458036150464093 	- 	- 	- 	
-1.635798729848558 	- 	- 	- 	
-1.6257938446507083 	- 	- 	- 	
-1.615788959452857 	- 	- 	- 	
-1.6057840742550074 	- 	- 	- 	
-1.595779189057156 	- 	- 	- 	
-1.5857743038593064 	- 	- 	- 	
-1.575769418661455 	- 	- 	- 	
-1.5657645334636054 	- 	- 	- 	
-1.555759648265754 	- 	- 	- 	
-1.5457547630679045 	- 	- 	- 	
-1.5357498778700531 	- 	- 	- 	
-1.5257449926722035 	- 	- 	- 	
-1.5157401074743522 	- 	- 	- 	
-1.5057352222765026 	- 	- 	- 	
-1.4957303370786512 	- 	- 	- 	
-1.4857254518808016 	- 	- 	- 	
-1.4757205666829503 	- 	- 	- 	
-1.4657156814851007 	- 	- 	- 	
-1.4557107962872493 	- 	- 	- 	
-1.445705911089398 	- 	- 	- 	
-1.4357010258915484 	- 	- 	- 	
-1.425696140693697 	- 	- 	- 	
-1.4156912554958474 	- 	- 	- 	
-1.405686370297996 	- 	- 	- 	
-1.3956814851001464 	- 	- 	- 	
-1.385676599902295 	- 	- 	- 	
-1.3756717147044455 	- 	- 	- 	
-1.3656668295065941 	- 	- 	- 	
-1.3556619443087445 	- 	- 	- 	
-1.3456570591108932 	- 	- 	- 	
-1.3356521739130436 	- 	- 	- 	
-1.3256472887151922 	- 	- 	- 	
-1.3156424035173426 	- 	- 	- 	
-1.3056375183194913 	- 	- 	- 	
-1.2956326331216417 	- 	- 	- 	
-1.2856277479237903 	- 	- 	- 	
-1.2756228627259407 	- 	- 	- 	
-1.2656179775280894 	- 	- 	- 	
-1.2556130923302398 	- 	- 	- 	
-1.2456082071323884 	- 	- 	- 	
-1.2356033219345388 	- 	- 	- 	
-1.2255984367366874 	- 	- 	- 	
-1.2155935515388379 	- 	- 	- 	
-1.2055886663409865 	- 	- 	- 	
-1.1955837811431351 	- 	- 	- 	
-1.1855788959452855 	- 	- 	- 	
-1.1755740107474342 	- 	- 	- 	
-1.1655691255495846 	- 	- 	- 	
-1.1555642403517332 	- 	- 	- 	
-1.1455593551538836 	- 	- 	- 	
-1.1355544699560323 	- 	- 	- 	
-1.1255495847581827 	- 	- 	- 	
-1.1155446995603313 	- 	- 	- 	
-1.1055398143624817 	- 	- 	- 	
-1.0955349291646304 	- 	- 	- 	
-1.0855300439667808 	- 	- 	- 	
-1.0755251587689294 	- 	- 	- 	
-1.0655202735710798 	- 	- 	- 	
-1.0555153883732284 	- 	- 	- 	
-1.0455105031753789 	- 	- 	- 	
-1.0355056179775275 	- 	- 	- 	
-1.025500732779678 	- 	- 	- 	
-1.0154958475818265 	- 	- 	- 	
-1.005490962383977 	- 	- 	- 	
-0.9954860771861256 	- 	- 	- 	
-0.985481191988276 	- 	- 	- 	
-0.9754763067904246 	- 	- 	- 	
-0.9654714215925733 	- 	- 	- 	
-0.9554665363947237 	- 	- 	- 	
-0.9454616511968723 	- 	- 	- 	
-0.9354567659990227 	- 	- 	- 	
-0.9254518808011714 	- 	- 	- 	
-0.9154469956033218 	- 	- 	- 	
-0.9054421104054704 	- 	- 	- 	
-0.8954372252076208 	- 	- 	- 	
-0.8854323400097694 	- 	- 	- 	
-0.8754274548119199 	- 	- 	- 	
-0.8654225696140685 	- 	- 	- 	
-0.8554176844162189 	- 	- 	- 	
-0.8454127992183675 	- 	- 	- 	
-0.835407914020518 	- 	- 	- 	
-0.8254030288226666 	- 	- 	- 	
-0.815398143624817 	- 	- 	- 	
-0.8053932584269656 	- 	- 	- 	
-0.795388373229116 	- 	- 	- 	
-0.7853834880312647 	- 	- 	- 	
-0.7753786028334151 	- 	- 	- 	
-0.7653737176355637 	- 	- 	- 	
-0.7553688324377141 	- 	- 	- 	
-0.7453639472398628 	- 	- 	- 	
-0.7353590620420132 	- 	- 	- 	
-0.7253541768441618 	- 	- 	- 	
-0.7153492916463104 	- 	- 	- 	
-0.7053444064484609 	- 	- 	- 	
-0.6953395212506095 	- 	- 	- 	
-0.6853346360527599 	- 	- 	- 	
-0.6753297508549085 	- 	- 	- 	
-0.665324865657059 	- 	- 	- 	
-0.6553199804592076 	- 	- 	- 	
-0.645315095261358 	- 	- 	- 	
-0.6353102100635066 	- 	- 	- 	
-0.625305324865657 	- 	- 	- 	
-0.6153004396678057 	- 	- 	- 	
-0.6052955544699561 	- 	- 	- 	
-0.5952906692721047 	- 	- 	- 	
-0.5852857840742551 	- 	- 	- 	
-0.5752808988764038 	- 	- 	- 	
-0.5652760136785542 	- 	- 	- 	
-0.5552711284807028 	- 	- 	- 	
-0.5452662432828532 	- 	- 	- 	
-0.5352613580850019 	- 	- 	- 	
-0.5252564728871523 	- 	- 	- 	
-0.5152515876893009 	- 	- 	- 	
-0.5052467024914513 	- 	- 	- 	
-0.49524181729359995 	- 	- 	- 	
-0.48523693209575036 	- 	- 	- 	
-0.475232046897899 	- 	- 	- 	
-0.46522716170004763 	- 	- 	- 	
-0.45522227650219804 	- 	- 	- 	
-0.4452173913043467 	- 	- 	- 	
-0.4352125061064971 	- 	- 	- 	
-0.4252076209086457 	- 	- 	- 	
-0.41520273571079613 	- 	- 	- 	
-0.40519785051294477 	- 	- 	- 	
-0.3951929653150952 	- 	- 	- 	
-0.3851880801172438 	- 	- 	- 	
-0.3751831949193942 	- 	- 	- 	
-0.36517830972154286 	- 	- 	- 	
-0.35517342452369327 	- 	- 	- 	
-0.3451685393258419 	- 	- 	- 	
-0.3351636541279923 	- 	- 	- 	
-0.32515876893014095 	- 	- 	- 	
-0.31515388373229136 	- 	- 	- 	
-0.30514899853444 	- 	- 	- 	
-0.2951441133365904 	- 	- 	- 	
-0.28513922813873904 	- 	- 	- 	
-0.27513434294088945 	- 	- 	- 	
-0.2651294577430381 	- 	- 	- 	
-0.2551245725451885 	- 	- 	- 	
-0.24511968734733713 	- 	- 	- 	
-0.23511480214948577 	- 	- 	- 	
-0.22510991695163618 	- 	- 	- 	
-0.21510503175378481 	- 	- 	- 	
-0.20510014655593523 	- 	- 	- 	
-0.19509526135808386 	- 	- 	- 	
-0.18509037616023427 	- 	- 	- 	
-0.1750854909623829 	- 	- 	- 	
-0.16508060576453332 	- 	- 	- 	
-0.15507572056668195 	- 	- 	- 	
-0.14507083536883236 	- 	- 	- 	
-0.135065950170981 	- 	- 	- 	
-0.1250610649731314 	- 	- 	- 	
-0.11505617977528004 	- 	- 	- 	
-0.10505129457743045 	- 	- 	- 	
-0.09504640937957909 	- 	- 	- 	
-0.0850415241817295 	- 	- 	- 	
-0.07503663898387813 	- 	- 	- 	
-0.06503175378602855 	- 	- 	- 	
-0.05502686858817718 	- 	- 	- 	
-0.04502198339032759 	- 	- 	- 	
-0.035017098192476226 	- 	- 	- 	
-0.025012212994626637 	- 	- 	- 	
-0.015007327796775272 	- 	- 	- 	
-0.005002442598925683 	- 	- 	- 	
0.005002442598925683 	- 	- 	- 	
0.015007327796777048 	- 	- 	- 	
0.025012212994626637 	- 	- 	- 	
0.035017098192478 	- 	- 	- 	
0.04502198339032759 	- 	- 	- 	
0.05502686858817896 	- 	- 	- 	
0.06503175378602855 	- 	- 	- 	
0.07503663898387991 	- 	- 	- 	
0.0850415241817295 	- 	- 	- 	
0.09504640937958087 	- 	- 	- 	
0.10505129457743045 	- 	- 	- 	
0.11505617977528182 	- 	- 	- 	
0.1250610649731314 	- 	- 	- 	
0.13506595017098277 	- 	- 	- 	
0.14507083536883236 	- 	- 	- 	
0.15507572056668373 	- 	- 	- 	
0.16508060576453332 	- 	- 	- 	
0.17508549096238468 	- 	- 	- 	
0.18509037616023427 	- 	- 	- 	
0.19509526135808564 	- 	- 	- 	
0.20510014655593523 	- 	- 	- 	
0.2151050317537866 	- 	- 	- 	
0.22510991695163618 	- 	- 	- 	
0.23511480214948755 	- 	- 	- 	
0.24511968734733713 	- 	- 	- 	
0.2551245725451885 	- 	- 	- 	
0.26512945774303986 	- 	- 	- 	
0.27513434294088945 	- 	- 	- 	
0.2851392281387408 	- 	- 	- 	
0.2951441133365904 	- 	- 	- 	
0.3051489985344418 	- 	- 	- 	
0.31515388373229136 	- 	- 	- 	
0.3251587689301427 	- 	- 	- 	
0.3351636541279923 	- 	- 	- 	
0.3451685393258437 	- 	- 	- 	
0.35517342452369327 	- 	- 	- 	
0.36517830972154464 	- 	- 	- 	
0.3751831949193942 	- 	- 	- 	
0.3851880801172456 	- 	- 	- 	
0.3951929653150952 	- 	- 	- 	
0.40519785051294654 	- 	- 	- 	
0.41520273571079613 	- 	- 	- 	
0.4252076209086475 	- 	- 	- 	
0.4352125061064971 	- 	- 	- 	
0.44521739130434845 	- 	- 	- 	
0.45522227650219804 	- 	- 	- 	
0.4652271617000494 	- 	- 	- 	
0.475232046897899 	- 	- 	- 	
0.48523693209575036 	- 	- 	- 	
0.4952418172936017 	- 	- 	- 	
0.5052467024914513 	- 	- 	- 	
0.5152515876893027 	- 	- 	- 	
0.5252564728871523 	- 	- 	- 	
0.5352613580850036 	- 	- 	- 	
0.5452662432828532 	- 	- 	- 	
0.5552711284807046 	- 	- 	- 	
0.5652760136785542 	- 	- 	- 	
0.5752808988764055 	- 	- 	- 	
0.5852857840742551 	- 	- 	- 	
0.5952906692721065 	- 	- 	- 	
0.6052955544699561 	- 	- 	- 	
0.6153004396678075 	- 	- 	- 	
0.625305324865657 	- 	- 	- 	
0.6353102100635084 	- 	- 	- 	
0.645315095261358 	- 	- 	- 	
0.6553199804592094 	- 	- 	- 	
0.665324865657059 	- 	- 	- 	
0.6753297508549103 	- 	- 	- 	
0.6853346360527599 	- 	- 	- 	
0.6953395212506113 	- 	- 	- 	
0.7053444064484609 	- 	- 	- 	
0.7153492916463122 	- 	- 	- 	
0.7253541768441618 	- 	- 	- 	
0.7353590620420132 	- 	- 	- 	
0.7453639472398645 	- 	- 	- 	
0.7553688324377141 	- 	- 	- 	
0.7653737176355655 	- 	- 	- 	
0.7753786028334151 	- 	- 	- 	
0.7853834880312665 	- 	- 	- 	
0.795388373229116 	- 	- 	- 	
0.8053932584269674 	- 	- 	- 	
0.815398143624817 	- 	- 	- 	
0.8254030288226684 	- 	- 	- 	
0.835407914020518 	- 	- 	- 	
0.8454127992183693 	- 	- 	- 	
0.8554176844162189 	- 	- 	- 	
0.8654225696140703 	- 	- 	- 	
0.8754274548119199 	- 	- 	- 	
0.8854323400097712 	- 	- 	- 	
0.8954372252076208 	- 	- 	- 	
0.9054421104054722 	- 	- 	- 	
0.9154469956033218 	- 	- 	- 	
0.9254518808011731 	- 	- 	- 	
0.9354567659990227 	- 	- 	- 	
0.9454616511968741 	- 	- 	- 	
0.9554665363947237 	- 	- 	- 	
0.965471421592575 	- 	- 	- 	
0.9754763067904246 	- 	- 	- 	
0.985481191988276 	- 	- 	- 	
0.9954860771861274 	- 	- 	- 	
1.005490962383977 	- 	- 	- 	
1.0154958475818283 	- 	- 	- 	
1.025500732779678 	- 	- 	- 	
1.0355056179775293 	- 	- 	- 	
1.0455105031753789 	- 	- 	- 	
1.0555153883732302 	- 	- 	- 	
1.0655202735710798 	- 	- 	- 	
1.0755251587689312 	- 	- 	- 	
1.0855300439667808 	- 	- 	- 	
1.0955349291646321 	- 	- 	- 	
1.1055398143624817 	- 	- 	- 	
1.115544699560333 	- 	- 	- 	
1.1255495847581827 	- 	- 	- 	
1.135554469956034 	- 	- 	- 	
1.1455593551538836 	- 	- 	- 	
1.155564240351735 	- 	- 	- 	
1.1655691255495846 	- 	- 	- 	
1.175574010747436 	- 	- 	- 	
1.1855788959452855 	- 	- 	- 	
1.195583781143137 	- 	- 	- 	
1.2055886663409865 	- 	- 	- 	
1.2155935515388379 	- 	- 	- 	
1.2255984367366892 	- 	- 	- 	
1.2356033219345388 	- 	- 	- 	
1.2456082071323902 	- 	- 	- 	
1.2556130923302398 	- 	- 	- 	
1.2656179775280911 	- 	- 	- 	
1.2756228627259407 	- 	- 	- 	
1.285627747923792 	- 	- 	- 	
1.2956326331216417 	- 	- 	- 	
1.305637518319493 	- 	- 	- 	
1.3156424035173426 	- 	- 	- 	
1.325647288715194 	- 	- 	- 	
1.3356521739130436 	- 	- 	- 	
1.345657059110895 	- 	- 	- 	
1.3556619443087445 	- 	- 	- 	
1.365666829506596 	- 	- 	- 	
1.3756717147044455 	- 	- 	- 	
1.3856765999022969 	- 	- 	- 	
1.3956814851001464 	- 	- 	- 	
1.4056863702979978 	- 	- 	- 	
1.4156912554958474 	- 	- 	- 	
1.4256961406936988 	- 	- 	- 	
1.4357010258915484 	- 	- 	- 	
1.4457059110893997 	- 	- 	- 	
1.4557107962872493 	- 	- 	- 	
1.4657156814851007 	- 	- 	- 	
1.475720566682952 	- 	- 	- 	
1.4857254518808016 	- 	- 	- 	
1.495730337078653 	- 	- 	- 	
1.5057352222765026 	- 	- 	- 	
1.515740107474354 	- 	- 	- 	
1.5257449926722035 	- 	- 	- 	
1.535749877870055 	- 	- 	- 	
1.5457547630679045 	- 	- 	- 	
1.5557596482657559 	- 	- 	- 	
1.5657645334636054 	- 	- 	- 	
1.5757694186614568 	- 	- 	- 	
1.5857743038593064 	- 	- 	- 	
1.5957791890571578 	- 	- 	- 	
1.6057840742550074 	- 	- 	- 	
1.6157889594528587 	- 	- 	- 	
1.6257938446507083 	- 	- 	- 	
1.6357987298485597 	- 	- 	- 	
1.6458036150464093 	- 	- 	- 	
1.6558085002442606 	- 	- 	- 	
1.6658133854421102 	- 	- 	- 	
1.6758182706399616 	- 	- 	- 	
1.6858231558378112 	- 	- 	- 	
1.6958280410356625 	- 	- 	- 	
1.7058329262335121 	- 	- 	- 	
1.7158378114313635 	- 	- 	- 	
1.7258426966292149 	- 	- 	- 	
1.7358475818270644 	- 	- 	- 	
1.7458524670249158 	- 	- 	- 	
1.7558573522227654 	- 	- 	- 	
1.7658622374206168 	- 	- 	- 	
1.7758671226184664 	- 	- 	- 	
1.7858720078163177 	- 	- 	- 	
1.7958768930141673 	- 	- 	- 	
1.8058817782120187 	- 	- 	- 	
1.8158866634098683 	- 	- 	- 	
1.8258915486077196 	- 	- 	- 	
1.8358964338055692 	- 	- 	- 	
1.8459013190034206 	- 	- 	- 	
1.8559062042012702 	- 	- 	- 	
1.8659110893991215 	- 	- 	- 	
1.8759159745969711 	- 	- 	- 	
1.8859208597948225 	- 	- 	- 	
1.895925744992672 	- 	- 	- 	
1.9059306301905234 	- 	- 	- 	
1.915935515388373 	- 	- 	- 	
1.9259404005862244 	- 	- 	- 	
1.935945285784074 	- 	- 	- 	
1.9459501709819254 	- 	- 	- 	
1.955955056179775 	- 	- 	- 	
1.9659599413776263 	- 	- 	- 	
1.9759648265754777 	- 	- 	- 	
1.9859697117733273 	- 	- 	- 	
1.9959745969711786 	- 	- 	- 	
2.005979482169028 	- 	- 	- 	
2.0159843673668796 	- 	- 	- 	
2.025989252564729 	- 	- 	- 	
2.0359941377625805 	- 	- 	- 	
2.04599902296043 	- 	- 	- 	
2.0560039081582815 	- 	- 	- 	
2.066008793356131 	- 	- 	- 	
2.0760136785539824 	- 	- 	- 	
2.086018563751832 	- 	- 	- 	
2.0960234489496834 	- 	- 	- 	
2.106028334147533 	- 	- 	- 	
2.1160332193453844 	- 	- 	- 	
2.126038104543234 	- 	- 	- 	
2.1360429897410853 	- 	- 	- 	
2.146047874938935 	- 	- 	- 	
2.1560527601367863 	- 	- 	- 	
2.166057645334636 	- 	- 	- 	
2.176062530532487 	- 	- 	- 	
2.186067415730337 	- 	- 	- 	
2.196072300928188 	- 	- 	- 	
2.2060771861260395 	- 	- 	- 	
2.216082071323889 	- 	- 	- 	
2.2260869565217405 	- 	- 	- 	
2.23609184171959 	- 	- 	- 	
2.2460967269174414 	- 	- 	- 	
2.256101612115291 	- 	- 	- 	
2.2661064973131424 	- 	- 	- 	
2.276111382510992 	- 	- 	- 	
2.2861162677088434 	- 	- 	- 	
2.296121152906693 	- 	- 	- 	
2.3061260381045443 	- 	- 	- 	
2.316130923302394 	- 	- 	- 	
2.3261358085002453 	- 	- 	- 	
2.336140693698095 	- 	- 	- 	
2.346145578895946 	- 	- 	- 	
2.356150464093796 	- 	- 	- 	
2.366155349291647 	- 	- 	- 	
2.3761602344894968 	- 	- 	- 	
2.386165119687348 	- 	- 	- 	
2.3961700048851977 	- 	- 	- 	
2.406174890083049 	- 	- 	- 	
2.4161797752808987 	- 	- 	- 	
2.42618466047875 	- 	- 	- 	
2.4361895456765996 	- 	- 	- 	
2.446194430874451 	- 	- 	- 	
2.4561993160723024 	- 	- 	- 	
2.466204201270152 	- 	- 	- 	
2.4762090864680033 	- 	- 	- 	
2.486213971665853 	- 	- 	- 	
2.4962188568637043 	- 	- 	- 	
2.506223742061554 	- 	- 	- 	
2.516228627259405 	- 	- 	- 	
2.526233512457255 	- 	- 	- 	
2.536238397655106 	- 	- 	- 	
2.5462432828529558 	- 	- 	- 	
2.556248168050807 	- 	- 	- 	
2.5662530532486567 	- 	- 	- 	
2.576257938446508 	- 	- 	- 	
2.5862628236443577 	- 	- 	- 	
2.596267708842209 	- 	- 	- 	
2.6062725940400586 	- 	- 	- 	
2.61627747923791 	- 	- 	- 	
2.6262823644357596 	- 	- 	- 	
2.636287249633611 	- 	- 	- 	
2.6462921348314605 	- 	- 	- 	
2.656297020029312 	- 	- 	- 	
2.6663019052271615 	- 	- 	- 	
2.676306790425013 	- 	- 	- 	
2.6863116756228624 	- 	- 	- 	
2.696316560820714 	- 	- 	- 	
2.706321446018565 	- 	- 	- 	
2.7163263312164148 	- 	- 	- 	
2.726331216414266 	- 	- 	- 	
2.7363361016121157 	- 	- 	- 	
2.746340986809967 	- 	- 	- 	
2.7563458720078167 	- 	- 	- 	
2.766350757205668 	- 	- 	- 	
2.7763556424035176 	- 	- 	- 	
2.786360527601369 	- 	- 	- 	
2.7963654127992186 	- 	- 	- 	
2.80637029799707 	- 	- 	- 	
2.8163751831949195 	- 	- 	- 	
2.826380068392771 	- 	- 	- 	
2.8363849535906205 	- 	- 	- 	
2.846389838788472 	- 	- 	- 	
2.8563947239863214 	- 	- 	- 	
2.866399609184173 	- 	- 	- 	
2.8764044943820224 	- 	- 	- 	
2.8864093795798738 	- 	- 	- 	
2.8964142647777233 	- 	- 	- 	
2.9064191499755747 	- 	- 	- 	
2.9164240351734243 	- 	- 	- 	
2.9264289203712757 	- 	- 	- 	
2.936433805569127 	- 	- 	- 	
2.9464386907669766 	- 	- 	- 	
2.956443575964828 	- 	- 	- 	
2.9664484611626776 	- 	- 	- 	
2.976453346360529 	- 	- 	- 	
2.9864582315583785 	- 	- 	- 	
2.99646311675623 	- 	- 	- 	
3.0064680019540795 	- 	- 	- 	
3.016472887151931 	- 	- 	- 	
3.0264777723497804 	- 	- 	- 	
3.036482657547632 	- 	- 	- 	
3.0464875427454814 	- 	- 	- 	
3.0564924279433328 	- 	- 	- 	
3.0664973131411823 	- 	- 	- 	
3.0765021983390337 	- 	- 	- 	
3.0865070835368833 	- 	- 	- 	
3.0965119687347347 	- 	- 	- 	
3.1065168539325843 	- 	- 	- 	
3.1165217391304356 	- 	- 	- 	
3.126526624328285 	- 	- 	- 	
3.1365315095261366 	- 	- 	- 	
3.146536394723986 	- 	- 	- 	
3.1565412799218375 	- 	- 	- 	
3.166546165119687 	- 	- 	- 	
3.1765510503175385 	- 	- 	- 	
3.18655593551539 	- 	- 	- 	
3.1965608207132394 	- 	- 	- 	
3.206565705911091 	- 	- 	- 	
3.2165705911089404 	- 	- 	- 	
3.2265754763067918 	- 	- 	- 	
3.2365803615046413 	- 	- 	- 	
3.2465852467024927 	- 	- 	- 	
3.2565901319003423 	- 	- 	- 	
3.2665950170981937 	- 	- 	- 	
3.2765999022960433 	- 	- 	- 	
3.2866047874938946 	- 	- 	- 	
3.296609672691744 	- 	- 	- 	
3.3066145578895956 	- 	- 	- 	
3.316619443087445 	- 	- 	- 	
3.3266243282852965 	- 	- 	- 	
3.336629213483146 	- 	- 	- 	
3.3466340986809975 	- 	- 	- 	
3.356638983878847 	- 	- 	- 	
3.3666438690766984 	- 	- 	- 	
3.376648754274548 	- 	- 	- 	
3.3866536394723994 	- 	- 	- 	
3.396658524670249 	- 	- 	- 	
3.4066634098681003 	- 	- 	- 	
3.41666829506595 	- 	- 	- 	
3.4266731802638013 	- 	- 	- 	
3.4366780654616527 	- 	- 	- 	
3.4466829506595023 	- 	- 	- 	
3.4566878358573536 	- 	- 	- 	
3.466692721055203 	- 	- 	- 	
3.4766976062530546 	- 	- 	- 	
3.486702491450904 	- 	- 	- 	
3.4967073766487555 	- 	- 	- 	
3.506712261846605 	- 	- 	- 	
3.5167171470444565 	- 	- 	- 	
3.526722032242306 	- 	- 	- 	
3.5367269174401574 	- 	- 	- 	
3.546731802638007 	- 	- 	- 	
3.5567366878358584 	- 	- 	- 	
3.566741573033708 	- 	- 	- 	
3.5767464582315593 	- 	- 	- 	
3.586751343429409 	- 	- 	- 	
3.5967562286272603 	- 	- 	- 	
3.60676111382511 	- 	- 	- 	
3.6167659990229613 	- 	- 	- 	
3.626770884220811 	- 	- 	- 	
3.636775769418662 	- 	- 	- 	
3.646780654616512 	- 	- 	- 	
3.656785539814363 	- 	- 	- 	
3.6667904250122145 	- 	- 	- 	
3.676795310210064 	- 	- 	- 	
3.6868001954079155 	- 	- 	- 	
3.696805080605765 	- 	- 	- 	
3.7068099658036164 	- 	- 	- 	
3.716814851001466 	- 	- 	- 	
3.7268197361993174 	- 	- 	- 	
3.736824621397167 	- 	- 	- 	
3.7468295065950183 	- 	- 	- 	
3.756834391792868 	- 	- 	- 	
3.7668392769907193 	- 	- 	- 	
3.776844162188569 	- 	- 	- 	
3.7868490473864203 	- 	- 	- 	
3.79685393258427 	- 	- 	- 	
3.806858817782121 	- 	- 	- 	
3.816863702979971 	- 	- 	- 	
3.826868588177822 	- 	- 	- 	
3.8368734733756718 	- 	- 	- 	
3.846878358573523 	- 	- 	- 	
3.8568832437713727 	- 	- 	- 	
3.866888128969224 	- 	- 	- 	
3.8768930141670737 	- 	- 	- 	
3.886897899364925 	- 	- 	- 	
3.8969027845627746 	- 	- 	- 	
3.906907669760626 	- 	- 	- 	
3.9169125549584773 	- 	- 	- 	
3.926917440156327 	- 	- 	- 	
3.9369223253541783 	- 	- 	- 	
3.946927210552028 	- 	- 	- 	
3.9569320957498793 	- 	- 	- 	
3.966936980947729 	- 	- 	- 	
3.97694186614558 	- 	- 	- 	
3.98694675134343 	- 	- 	- 	
3.996951636541281 	- 	- 	- 	
4.006956521739131 	- 	- 	- 	
4.016961406936982 	- 	- 	- 	
4.026966292134832 	- 	- 	- 	
4.036971177332683 	- 	- 	- 	
4.046976062530533 	- 	- 	- 	
4.056980947728384 	- 	- 	- 	
4.066985832926234 	- 	- 	- 	
4.076990718124085 	- 	- 	- 	
4.086995603321935 	- 	- 	- 	
4.097000488519786 	- 	- 	- 	
4.1070053737176355 	- 	- 	- 	
4.117010258915487 	- 	- 	- 	
4.1270151441133365 	- 	- 	- 	
4.137020029311188 	- 	- 	- 	
4.147024914509037 	- 	- 	- 	
4.157029799706889 	- 	- 	- 	
4.16703468490474 	- 	- 	- 	
4.17703957010259 	- 	- 	- 	
4.187044455300441 	- 	- 	- 	
4.197049340498291 	- 	- 	- 	
4.207054225696142 	- 	- 	- 	
4.217059110893992 	- 	- 	- 	
4.227063996091843 	- 	- 	- 	
4.237068881289693 	- 	- 	- 	
4.247073766487544 	- 	- 	- 	
4.257078651685394 	- 	- 	- 	
4.267083536883245 	- 	- 	- 	
4.2770884220810945 	- 	- 	- 	
4.287093307278946 	- 	- 	- 	
4.2970981924767955 	- 	- 	- 	
4.307103077674647 	- 	- 	- 	
4.317107962872496 	- 	- 	- 	
4.327112848070348 	- 	- 	- 	
4.337117733268197 	- 	- 	- 	
4.347122618466049 	- 	- 	- 	
4.357127503663898 	- 	- 	- 	
4.36713238886175 	- 	- 	- 	
4.377137274059599 	- 	- 	- 	
4.387142159257451 	- 	- 	- 	
4.397147044455302 	- 	- 	- 	
4.407151929653152 	- 	- 	- 	
4.417156814851003 	- 	- 	- 	
4.427161700048853 	- 	- 	- 	
4.437166585246704 	- 	- 	- 	
4.4471714704445535 	- 	- 	- 	
4.457176355642405 	- 	- 	- 	
4.4671812408402545 	- 	- 	- 	
4.477186126038106 	- 	- 	- 	
4.487191011235955 	- 	- 	- 	
4.497195896433807 	- 	- 	- 	
4.507200781631656 	- 	- 	- 	
4.517205666829508 	- 	- 	- 	
4.527210552027357 	- 	- 	- 	
4.537215437225209 	- 	- 	- 	
4.547220322423058 	- 	- 	- 	
4.55722520762091 	- 	- 	- 	
4.567230092818759 	- 	- 	- 	
4.577234978016611 	- 	- 	- 	
4.58723986321446 	- 	- 	- 	
4.597244748412312 	- 	- 	- 	
4.607249633610161 	- 	- 	- 	
4.6172545188080125 	- 	- 	- 	
4.627259404005862 	- 	- 	- 	
4.6372642892037135 	- 	- 	- 	
4.647269174401565 	- 	- 	- 	
4.657274059599414 	- 	- 	- 	
4.667278944797266 	- 	- 	- 	
4.677283829995115 	- 	- 	- 	
4.687288715192967 	- 	- 	- 	
4.697293600390816 	- 	- 	- 	
4.707298485588668 	- 	- 	- 	
4.717303370786517 	- 	- 	- 	
4.727308255984369 	- 	- 	- 	
4.737313141182218 	- 	- 	- 	
4.74731802638007 	- 	- 	- 	
4.757322911577919 	- 	- 	- 	
4.767327796775771 	- 	- 	- 	
4.77733268197362 	- 	- 	- 	
4.7873375671714715 	- 	- 	- 	
4.797342452369321 	- 	- 	- 	
4.8073473375671725 	- 	- 	- 	
4.817352222765022 	- 	- 	- 	
4.827357107962873 	- 	- 	- 	
4.837361993160723 	- 	- 	- 	
4.847366878358574 	- 	- 	- 	
4.857371763556424 	- 	- 	- 	
4.867376648754275 	- 	- 	- 	
4.877381533952125 	- 	- 	- 	
4.887386419149976 	- 	- 	- 	
4.897391304347828 	- 	- 	- 	
4.907396189545677 	- 	- 	- 	
4.917401074743529 	- 	- 	- 	
4.927405959941378 	- 	- 	- 	
4.93741084513923 	- 	- 	- 	
4.947415730337079 	- 	- 	- 	
4.9574206155349305 	- 	- 	- 	
4.96742550073278 	- 	- 	- 	
4.9774303859306315 	- 	- 	- 	
4.987435271128481 	- 	- 	- 	
4.997440156326332 	- 	- 	- 	
5.007445041524182 	- 	- 	- 	
5.017449926722033 	- 	- 	- 	
5.027454811919883 	- 	- 	- 	
5.037459697117734 	- 	- 	- 	
5.047464582315584 	- 	- 	- 	
5.057469467513435 	- 	- 	- 	
5.067474352711285 	- 	- 	- 	
5.077479237909136 	- 	- 	- 	
5.087484123106986 	- 	- 	- 	
5.097489008304837 	- 	- 	- 	
5.107493893502687 	- 	- 	- 	
5.117498778700538 	- 	- 	- 	
5.1275036638983895 	- 	- 	- 	
5.137508549096239 	- 	- 	- 	
5.1475134342940905 	- 	- 	- 	
5.15751831949194 	- 	- 	- 	
5.167523204689791 	- 	- 	- 	
5.177528089887641 	- 	- 	- 	
5.187532975085492 	- 	- 	- 	
5.197537860283342 	- 	- 	- 	
5.207542745481193 	- 	- 	- 	
5.217547630679043 	- 	- 	- 	
5.227552515876894 	- 	- 	- 	
5.237557401074744 	- 	- 	- 	
5.247562286272595 	- 	- 	- 	
5.257567171470445 	- 	- 	- 	
5.267572056668296 	- 	- 	- 	
5.277576941866146 	- 	- 	- 	
5.287581827063997 	- 	- 	- 	
5.297586712261847 	- 	- 	- 	
5.307591597459698 	- 	- 	- 	
5.317596482657548 	- 	- 	- 	
5.327601367855399 	- 	- 	- 	
5.337606253053249 	- 	- 	- 	
5.3476111382511 	- 	- 	- 	
5.35761602344895 	- 	- 	- 	
5.367620908646801 	- 	- 	- 	
5.377625793844652 	- 	- 	- 	
5.387630679042502 	- 	- 	- 	
5.397635564240353 	- 	- 	- 	
5.407640449438203 	- 	- 	- 	
5.417645334636054 	- 	- 	- 	
5.427650219833904 	- 	- 	- 	
5.437655105031755 	- 	- 	- 	
5.447659990229605 	- 	- 	- 	
5.457664875427456 	- 	- 	- 	
5.467669760625306 	- 	- 	- 	
5.477674645823157 	- 	- 	- 	
5.487679531021007 	- 	- 	- 	
5.497684416218858 	- 	- 	- 	
5.507689301416708 	- 	- 	- 	
5.517694186614559 	- 	- 	- 	
5.527699071812409 	- 	- 	- 	
5.53770395701026 	- 	- 	- 	
5.54770884220811 	- 	- 	- 	
5.557713727405961 	- 	- 	- 	
5.5677186126038105 	- 	- 	- 	
5.577723497801662 	- 	- 	- 	
5.5877283829995115 	- 	- 	- 	
5.597733268197363 	- 	- 	- 	
5.607738153395212 	- 	- 	- 	
5.617743038593064 	- 	- 	- 	
5.627747923790915 	- 	- 	- 	
5.637752808988765 	- 	- 	- 	
5.647757694186616 	- 	- 	- 	
5.657762579384466 	- 	- 	- 	
5.667767464582317 	- 	- 	- 	
5.677772349780167 	- 	- 	- 	
5.687777234978018 	- 	- 	- 	
5.697782120175868 	- 	- 	- 	
5.707787005373719 	- 	- 	- 	
5.717791890571569 	- 	- 	- 	
5.72779677576942 	- 	- 	- 	
5.7378016609672695 	- 	- 	- 	
5.747806546165121 	- 	- 	- 	
5.7578114313629705 	- 	- 	- 	
5.76781631656082 	- 	- 	- 	
5.777821201758671 	- 	- 	- 	
5.787826086956523 	- 	- 	- 	
5.797830972154374 	- 	- 	- 	
5.807835857352222 	- 	- 	- 	
5.817840742550073 	- 	- 	- 	
5.827845627747925 	- 	- 	- 	
5.837850512945776 	- 	- 	- 	
5.847855398143624 	- 	- 	- 	
5.857860283341475 	- 	- 	- 	
5.867865168539327 	- 	- 	- 	
5.877870053737178 	- 	- 	- 	
5.887874938935029 	- 	- 	- 	
5.897879824132877 	- 	- 	- 	
5.9078847093307285 	- 	- 	- 	
5.91788959452858 	- 	- 	- 	
5.927894479726431 	- 	- 	- 	
5.937899364924279 	- 	- 	- 	
5.94790425012213 	- 	- 	- 	
5.957909135319982 	- 	- 	- 	
5.967914020517833 	- 	- 	- 	
5.977918905715681 	- 	- 	- 	
5.987923790913532 	- 	- 	- 	
5.997928676111384 	- 	- 	- 	
6.007933561309235 	- 	- 	- 	
6.017938446507083 	- 	- 	- 	
6.027943331704934 	- 	- 	- 	
6.037948216902786 	- 	- 	- 	
6.047953102100637 	- 	- 	- 	
6.057957987298485 	- 	- 	- 	
6.067962872496336 	- 	- 	- 	
6.0779677576941875 	- 	- 	- 	
6.087972642892039 	- 	- 	- 	
6.097977528089887 	- 	- 	- 	
6.107982413287738 	- 	- 	- 	
6.117987298485589 	- 	- 	- 	
6.127992183683441 	- 	- 	- 	
6.137997068881292 	- 	- 	- 	
6.14800195407914 	- 	- 	- 	
6.158006839276991 	- 	- 	- 	
6.168011724474843 	- 	- 	- 	
6.178016609672694 	- 	- 	- 	
6.188021494870542 	- 	- 	- 	
6.198026380068393 	- 	- 	- 	
6.208031265266245 	- 	- 	- 	
6.218036150464096 	- 	- 	- 	
6.228041035661944 	- 	- 	- 	
6.238045920859795 	- 	- 	- 	
6.2480508060576465 	- 	- 	- 	
6.258055691255498 	- 	- 	- 	
6.268060576453346 	- 	- 	- 	
6.278065461651197 	- 	- 	- 	
6.288070346849048 	- 	- 	- 	
6.2980752320469 	- 	- 	- 	
6.308080117244748 	- 	- 	- 	
6.318085002442599 	- 	- 	- 	
6.32808988764045 	- 	- 	- 	
6.338094772838302 	- 	- 	- 	
6.348099658036153 	- 	- 	- 	
6.358104543234001 	- 	- 	- 	
6.368109428431852 	- 	- 	- 	
6.378114313629704 	- 	- 	- 	
6.388119198827555 	- 	- 	- 	
6.398124084025403 	- 	- 	- 	
6.408128969223254 	- 	- 	- 	
6.4181338544211055 	- 	- 	- 	
6.428138739618957 	- 	- 	- 	
6.438143624816805 	- 	- 	- 	
6.448148510014656 	- 	- 	- 	
6.458153395212507 	- 	- 	- 	
6.468158280410359 	- 	- 	- 	
6.478163165608207 	- 	- 	- 	
6.488168050806058 	- 	- 	- 	
6.498172936003909 	- 	- 	- 	
6.508177821201761 	- 	- 	- 	
6.5181827063996085 	- 	- 	- 	
6.52818759159746 	- 	- 	- 	
6.538192476795311 	- 	- 	- 	
6.548197361993163 	- 	- 	- 	
6.55820224719101 	- 	- 	- 	
6.568207132388862 	- 	- 	- 	
6.578212017586713 	- 	- 	- 	
6.5882169027845645 	- 	- 	- 	
6.598221787982416 	- 	- 	- 	
6.608226673180264 	- 	- 	- 	
6.618231558378115 	- 	- 	- 	
6.628236443575966 	- 	- 	- 	
6.638241328773818 	- 	- 	- 	
6.648246213971666 	- 	- 	- 	
6.658251099169517 	- 	- 	- 	
6.668255984367368 	- 	- 	- 	
6.67826086956522 	- 	- 	- 	
6.6882657547630675 	- 	- 	- 	
6.698270639960919 	- 	- 	- 	
6.70827552515877 	- 	- 	- 	
6.718280410356622 	- 	- 	- 	
6.728285295554469 	- 	- 	- 	
6.738290180752321 	- 	- 	- 	
6.748295065950172 	- 	- 	- 	
6.7582999511480235 	- 	- 	- 	
6.768304836345871 	- 	- 	- 	
6.778309721543723 	- 	- 	- 	
6.788314606741574 	- 	- 	- 	
6.798319491939425 	- 	- 	- 	
6.808324377137273 	- 	- 	- 	
6.818329262335125 	- 	- 	- 	
6.828334147532976 	- 	- 	- 	
6.838339032730827 	- 	- 	- 	
6.848343917928679 	- 	- 	- 	
6.8583488031265265 	- 	- 	- 	
6.868353688324378 	- 	- 	- 	
6.878358573522229 	- 	- 	- 	
6.888363458720081 	- 	- 	- 	
6.898368343917928 	- 	- 	- 	
6.90837322911578 	- 	- 	- 	
6.918378114313631 	- 	- 	- 	
6.9283829995114825 	- 	- 	- 	
6.93838788470933 	- 	- 	- 	
6.948392769907182 	- 	- 	- 	
6.958397655105033 	- 	- 	- 	
6.968402540302884 	- 	- 	- 	
6.978407425500732 	- 	- 	- 	
6.988412310698584 	- 	- 	- 	
6.998417195896435 	- 	- 	- 	
7.008422081094286 	- 	- 	- 	
7.018426966292134 	- 	- 	- 	
7.0284318514899855 	- 	- 	- 	
7.038436736687837 	- 	- 	- 	
7.048441621885688 	- 	- 	- 	
7.058446507083536 	- 	- 	- 	
7.068451392281387 	- 	- 	- 	
7.078456277479239 	- 	- 	- 	
7.08846116267709 	- 	- 	- 	
7.0984660478749415 	- 	- 	- 	
7.108470933072789 	- 	- 	- 	
7.118475818270641 	- 	- 	- 	
7.128480703468492 	- 	- 	- 	
7.138485588666343 	- 	- 	- 	
7.148490473864191 	- 	- 	- 	
7.158495359062043 	- 	- 	- 	
7.168500244259894 	- 	- 	- 	
7.178505129457745 	- 	- 	- 	
7.188510014655593 	- 	- 	- 	
7.1985148998534445 	- 	- 	- 	
7.208519785051296 	- 	- 	- 	
7.218524670249147 	- 	- 	- 	
7.228529555446995 	- 	- 	- 	
7.238534440644846 	- 	- 	- 	
7.248539325842698 	- 	- 	- 	
7.258544211040549 	- 	- 	- 	
7.268549096238397 	- 	- 	- 	
7.278553981436248 	- 	- 	- 	
7.2885588666341 	- 	- 	- 	
7.298563751831951 	- 	- 	- 	
7.308568637029799 	- 	- 	- 	
7.31857352222765 	- 	- 	- 	
7.328578407425502 	- 	- 	- 	
7.338583292623353 	- 	- 	- 	
7.348588177821204 	- 	- 	- 	
7.358593063019052 	- 	- 	- 	
7.3685979482169035 	- 	- 	- 	
7.378602833414755 	- 	- 	- 	
7.388607718612606 	- 	- 	- 	
7.398612603810454 	- 	- 	- 	
7.408617489008305 	- 	- 	- 	
7.418622374206157 	- 	- 	- 	
7.428627259404008 	- 	- 	- 	
7.438632144601856 	- 	- 	- 	
7.448637029799707 	- 	- 	- 	
7.458641914997559 	- 	- 	- 	
7.46864680019541 	- 	- 	- 	
7.478651685393258 	- 	- 	- 	
7.488656570591109 	- 	- 	- 	
7.498661455788961 	- 	- 	- 	
7.508666340986812 	- 	- 	- 	
7.51867122618466 	- 	- 	- 	
7.528676111382511 	- 	- 	- 	
7.5386809965803625 	- 	- 	- 	
7.548685881778214 	- 	- 	- 	
7.558690766976062 	- 	- 	- 	
7.568695652173913 	- 	- 	- 	
7.578700537371764 	- 	- 	- 	
7.588705422569616 	- 	- 	- 	
7.598710307767467 	- 	- 	- 	
7.608715192965315 	- 	- 	- 	
7.618720078163166 	- 	- 	- 	
7.628724963361018 	- 	- 	- 	
7.638729848558869 	- 	- 	- 	
7.648734733756717 	- 	- 	- 	
7.658739618954568 	- 	- 	- 	
7.66874450415242 	- 	- 	- 	
7.678749389350271 	- 	- 	- 	
7.688754274548119 	- 	- 	- 	
7.69875915974597 	- 	- 	- 	
7.7087640449438215 	- 	- 	- 	
7.718768930141673 	- 	- 	- 	
7.728773815339521 	- 	- 	- 	
7.738778700537372 	- 	- 	- 	
7.748783585735223 	- 	- 	- 	
7.758788470933075 	- 	- 	- 	
7.768793356130923 	- 	- 	- 	
7.778798241328774 	- 	- 	- 	
7.788803126526625 	- 	- 	- 	
7.798808011724477 	- 	- 	- 	
7.8088128969223245 	- 	- 	- 	
7.818817782120176 	- 	- 	- 	
7.828822667318027 	- 	- 	- 	
7.838827552515879 	- 	- 	- 	
7.84883243771373 	- 	- 	- 	
7.858837322911578 	- 	- 	- 	
7.868842208109429 	- 	- 	- 	
7.8788470933072805 	- 	- 	- 	
7.888851978505132 	- 	- 	- 	
7.89885686370298 	- 	- 	- 	
7.908861748900831 	- 	- 	- 	
7.918866634098682 	- 	- 	- 	
7.928871519296534 	- 	- 	- 	
7.938876404494382 	- 	- 	- 	
7.948881289692233 	- 	- 	- 	
7.958886174890084 	- 	- 	- 	
7.968891060087936 	- 	- 	- 	
7.9788959452857835 	- 	- 	- 	
7.988900830483635 	- 	- 	- 	
7.998905715681486 	- 	- 	- 	
8.008910600879338 	- 	- 	- 	
8.018915486077185 	- 	- 	- 	
8.028920371275037 	- 	- 	- 	
8.038925256472888 	- 	- 	- 	
8.04893014167074 	- 	- 	- 	
8.05893502686859 	- 	- 	- 	
8.068939912066439 	- 	- 	- 	
8.07894479726429 	- 	- 	- 	
8.088949682462141 	- 	- 	- 	
8.098954567659993 	- 	- 	- 	
8.10895945285784 	- 	- 	- 	
8.118964338055692 	- 	- 	- 	
8.128969223253543 	- 	- 	- 	
8.138974108451395 	- 	- 	- 	
8.148978993649242 	- 	- 	- 	
8.158983878847094 	- 	- 	- 	
8.168988764044945 	- 	- 	- 	
8.178993649242797 	- 	- 	- 	
8.188998534440644 	- 	- 	- 	
8.199003419638496 	- 	- 	- 	
8.209008304836347 	- 	- 	- 	
8.219013190034199 	- 	- 	- 	
8.229018075232046 	- 	- 	- 	
8.239022960429898 	- 	- 	- 	
8.249027845627749 	- 	- 	- 	
8.2590327308256 	- 	- 	- 	
8.269037616023448 	- 	- 	- 	
8.2790425012213 	- 	- 	- 	
8.289047386419151 	- 	- 	- 	
8.299052271617002 	- 	- 	- 	
8.309057156814854 	- 	- 	- 	
8.319062042012701 	- 	- 	- 	
8.329066927210553 	- 	- 	- 	
8.339071812408404 	- 	- 	- 	
8.349076697606256 	- 	- 	- 	
8.359081582804103 	- 	- 	- 	
8.369086468001955 	- 	- 	- 	
8.379091353199806 	- 	- 	- 	
8.389096238397658 	- 	- 	- 	
8.399101123595505 	- 	- 	- 	
8.409106008793357 	- 	- 	- 	
8.419110893991208 	- 	- 	- 	
8.42911577918906 	- 	- 	- 	
8.439120664386907 	- 	- 	- 	
8.449125549584759 	- 	- 	- 	
8.45913043478261 	- 	- 	- 	
8.469135319980461 	- 	- 	- 	
8.47914020517831 	- 	- 	- 	
8.48914509037616 	- 	- 	- 	
8.499149975574012 	- 	- 	- 	
8.509154860771863 	- 	- 	- 	
8.519159745969711 	- 	- 	- 	
8.529164631167562 	- 	- 	- 	
8.539169516365414 	- 	- 	- 	
8.549174401563265 	- 	- 	- 	
8.559179286761117 	- 	- 	- 	
8.569184171958964 	- 	- 	- 	
8.579189057156816 	- 	- 	- 	
8.589193942354667 	- 	- 	- 	
8.599198827552518 	- 	- 	- 	
8.609203712750366 	- 	- 	- 	
8.619208597948218 	- 	- 	- 	
8.629213483146069 	- 	- 	- 	
8.63921836834392 	- 	- 	- 	
8.649223253541768 	- 	- 	- 	
8.65922813873962 	- 	- 	- 	
8.66923302393747 	- 	- 	- 	
8.679237909135322 	- 	- 	- 	
8.68924279433317 	- 	- 	- 	
8.699247679531021 	- 	- 	- 	
8.709252564728873 	- 	- 	- 	
8.719257449926724 	- 	- 	- 	
8.729262335124572 	- 	- 	- 	
8.739267220322423 	- 	- 	- 	
8.749272105520275 	- 	- 	- 	
8.759276990718126 	- 	- 	- 	
8.769281875915974 	- 	- 	- 	
8.779286761113825 	- 	- 	- 	
8.789291646311677 	- 	- 	- 	
8.799296531509528 	- 	- 	- 	
8.80930141670738 	- 	- 	- 	
8.819306301905227 	- 	- 	- 	
8.829311187103078 	- 	- 	- 	
8.83931607230093 	- 	- 	- 	
8.849320957498781 	- 	- 	- 	
8.859325842696629 	- 	- 	- 	
8.86933072789448 	- 	- 	- 	
8.879335613092332 	- 	- 	- 	
8.889340498290183 	- 	- 	- 	
8.899345383488031 	- 	- 	- 	
8.909350268685882 	- 	- 	- 	
8.919355153883734 	- 	- 	- 	
8.929360039081585 	- 	- 	- 	
8.939364924279433 	- 	- 	- 	
8.949369809477284 	- 	- 	- 	
8.959374694675136 	- 	- 	- 	
8.969379579872987 	- 	- 	- 	
8.979384465070835 	- 	- 	- 	
8.989389350268686 	- 	- 	- 	
8.999394235466537 	- 	- 	- 	
9.009399120664389 	- 	- 	- 	
9.019404005862237 	- 	- 	- 	
9.029408891060088 	- 	- 	- 	
9.03941377625794 	- 	- 	- 	
9.04941866145579 	- 	- 	- 	
9.059423546653642 	- 	- 	- 	
9.06942843185149 	- 	- 	- 	
9.079433317049341 	- 	- 	- 	
9.089438202247193 	- 	- 	- 	
9.099443087445044 	- 	- 	- 	
9.109447972642892 	- 	- 	- 	
9.119452857840743 	- 	- 	- 	
9.129457743038595 	- 	- 	- 	
9.139462628236446 	- 	- 	- 	
9.149467513434294 	- 	- 	- 	
9.159472398632145 	- 	- 	- 	
9.169477283829996 	- 	- 	- 	
9.179482169027848 	- 	- 	- 	
9.189487054225696 	- 	- 	- 	
9.199491939423547 	- 	- 	- 	
9.209496824621398 	- 	- 	- 	
9.21950170981925 	- 	- 	- 	
9.229506595017098 	- 	- 	- 	
9.239511480214949 	- 	- 	- 	
9.2495163654128 	- 	- 	- 	
9.259521250610652 	- 	- 	- 	
9.2695261358085 	- 	- 	- 	
9.27953102100635 	- 	- 	- 	
9.289535906204202 	- 	- 	- 	
9.299540791402054 	- 	- 	- 	
9.309545676599905 	- 	- 	- 	
9.319550561797753 	- 	- 	- 	
9.329555446995604 	- 	- 	- 	
9.339560332193455 	- 	- 	- 	
9.349565217391307 	- 	- 	- 	
9.359570102589155 	- 	- 	- 	
9.369574987787006 	- 	- 	- 	
9.379579872984857 	- 	- 	- 	
9.389584758182709 	- 	- 	- 	
9.399589643380557 	- 	- 	- 	
9.409594528578408 	- 	- 	- 	
9.41959941377626 	- 	- 	- 	
9.42960429897411 	- 	- 	- 	
9.439609184171958 	- 	- 	- 	
9.44961406936981 	- 	- 	- 	
9.459618954567661 	- 	- 	- 	
9.469623839765513 	- 	- 	- 	
9.47962872496336 	- 	- 	- 	
9.489633610161212 	- 	- 	- 	
9.499638495359063 	- 	- 	- 	
9.509643380556914 	- 	- 	- 	
9.519648265754766 	- 	- 	- 	
9.529653150952614 	- 	- 	- 	
9.539658036150465 	- 	- 	- 	
9.549662921348316 	- 	- 	- 	
9.559667806546168 	- 	- 	- 	
9.569672691744016 	- 	- 	- 	
9.579677576941867 	- 	- 	- 	
9.589682462139718 	- 	- 	- 	
9.59968734733757 	- 	- 	- 	
9.609692232535417 	- 	- 	- 	
9.619697117733269 	- 	- 	- 	
9.62970200293112 	- 	- 	- 	
9.639706888128972 	- 	- 	- 	
9.64971177332682 	- 	- 	- 	
9.65971665852467 	- 	- 	- 	
9.669721543722522 	- 	- 	- 	
9.679726428920373 	- 	- 	- 	
9.689731314118221 	- 	- 	- 	
9.699736199316073 	- 	- 	- 	
9.709741084513924 	- 	- 	- 	
9.719745969711775 	- 	- 	- 	
9.729750854909623 	- 	- 	- 	
9.739755740107475 	- 	- 	- 	
9.749760625305326 	- 	- 	- 	
9.759765510503177 	- 	- 	- 	
9.769770395701029 	- 	- 	- 	
9.779775280898876 	- 	- 	- 	
9.789780166096728 	- 	- 	- 	
9.79978505129458 	- 	- 	- 	
9.80978993649243 	- 	- 	- 	
9.819794821690278 	- 	- 	- 	
9.82979970688813 	- 	- 	- 	
9.839804592085981 	- 	- 	- 	
9.849809477283832 	- 	- 	- 	
9.85981436248168 	- 	- 	- 	
9.869819247679532 	- 	- 	- 	
9.879824132877383 	- 	- 	- 	
9.889829018075234 	- 	- 	- 	
9.899833903273082 	- 	- 	- 	
9.909838788470934 	- 	- 	- 	
9.919843673668785 	- 	- 	- 	
9.929848558866636 	- 	- 	- 	
9.939853444064484 	- 	- 	- 	
9.949858329262335 	- 	- 	- 	
9.959863214460187 	- 	- 	- 	
9.969868099658038 	- 	- 	- 	
9.979872984855886 	- 	- 	- 	
9.989877870053737 	- 	- 	- 	
9.999882755251589 	- 	- 	- 	
10.00988764044944 	- 	- 	- 	
10.019892525647291 	- 	- 	- 	
10.02989741084514 	- 	- 	- 	
10.03990229604299 	- 	- 	- 	
10.049907181240842 	- 	- 	- 	
10.059912066438693 	- 	- 	- 	
10.069916951636541 	- 	- 	- 	
10.079921836834393 	- 	- 	- 	
10.089926722032244 	- 	- 	- 	
10.099931607230095 	- 	- 	- 	
10.109936492427943 	- 	- 	- 	
10.119941377625794 	- 	- 	- 	
10.129946262823646 	- 	- 	- 	
10.139951148021497 	- 	- 	- 	
10.149956033219345 	- 	- 	- 	
10.159960918417196 	- 	- 	- 	
10.169965803615048 	- 	- 	- 	
10.1799706888129 	- 	- 	- 	
10.189975574010747 	- 	- 	- 	
10.199980459208598 	- 	- 	- 	
10.20998534440645 	- 	- 	- 	
10.219990229604301 	- 	- 	- 	
10.229995114802149 	- 	- 	- 	
10.24 	- 	- 	- 	
#######################################