## 2D correlation ellipsies (nlines: 2048)

##dt	dx	Rdt	Rdx	
-10.24 	-6.2832 	1.0 	0.9947138588602064 	
-10.229995114802149 	-6.2586082191780825 	0.9728771440912026 	0.9888769286207809 	
-10.2199902296043 	-6.234016438356164 	0.8989549894250709 	0.9317528262220733 	
-10.209985344406448 	-6.209424657534247 	0.7964732261648674 	0.8383021142081027 	
-10.199980459208598 	-6.184832876712329 	0.6854506154182962 	0.7288545241408431 	
-10.189975574010747 	-6.160241095890411 	0.5802586571683481 	0.6204433088214659 	
-10.179970688812897 	-6.135649315068493 	0.487523715609901 	0.5225967179475849 	
-10.169965803615046 	-6.111057534246576 	0.40826770276251 	0.4381787071295088 	
-10.159960918417196 	-6.086465753424657 	0.3410552277342926 	0.3664486410377255 	
-10.149956033219345 	-6.06187397260274 	0.2840287783102113 	0.3056053907339744 	
-10.139951148021495 	-6.037282191780822 	0.23561862044944645 	0.25395196468922765 	
-10.129946262823644 	-6.012690410958904 	0.1945773754831171 	0.21012700627834283 	
-10.119941377625794 	-5.988098630136986 	0.15986323169036687 	0.17301988560894854 	
-10.109936492427943 	-5.963506849315069 	0.13055437182493349 	0.14166870512331534 	
-10.099931607230094 	-5.93891506849315 	0.10581116744071103 	0.11520437407366232 	
-10.089926722032242 	-5.914323287671233 	0.08487315386624107 	0.09283494201447806 	
-10.079921836834393 	-5.889731506849315 	0.06707515966872557 	0.0738561091924519 	
-10.069916951636541 	-5.865139726027397 	0.05186287276068293 	0.05766911378700802 	
-10.059912066438692 	-5.840547945205479 	0.038792784722494346 	0.04378781135677079 	
-10.04990718124084 	-5.815956164383562 	0.02751476399603317 	0.031827703720833114 	
-10.03990229604299 	-5.7913643835616435 	0.017746476107102158 	0.021482574978093052 	
-10.02989741084514 	-5.766772602739726 	0.009250768709751635 	0.012499913668272281 	
-10.01989252564729 	-5.742180821917808 	0.0018219759711964863 	0.0046634334297092515 	
-10.009887640449438 	-5.7175890410958905 	-0.004719656900418886 	-0.0022156008260789902 	
-9.999882755251587 	-5.692997260273972 	-0.010529870218106807 	-0.008301704252548447 	
-9.989877870053737 	-5.668405479452055 	-0.015741510430193714 	-0.013736923088069264 	
-9.979872984855886 	-5.643813698630137 	-0.020463954924865288 	-0.01864111468976814 	
-9.969868099658036 	-5.619221917808219 	-0.02477977571692492 	-0.023109010601738814 	
-9.959863214460185 	-5.594630136986301 	-0.028742105506941062 	-0.02720595144352968 	
-9.949858329262335 	-5.570038356164384 	-0.03237853979846386 	-0.0309684756655003 	
-9.939853444064484 	-5.545446575342465 	-0.03570234595579707 	-0.03441339265809443 	
-9.929848558866635 	-5.520854794520548 	-0.03872419845910499 	-0.03755084399188107 	
-9.919843673668783 	-5.49626301369863 	-0.041456796077853145 	-0.04039259586464699 	
-9.909838788470934 	-5.471671232876712 	-0.04391171723146582 	-0.04295154875913984 	
-9.899833903273082 	-5.447079452054794 	-0.04609478985700006 	-0.0452366927956962 	
-9.889829018075233 	-5.422487671232877 	-0.04800600535448302 	-0.04725070412092544 	
-9.879824132877381 	-5.397895890410958 	-0.049643746325870076 	-0.04899278695115966 	
-9.869819247679532 	-5.373304109589041 	-0.05100814576798084 	-0.05046289987384782 	
-9.85981436248168 	-5.348712328767123 	-0.05210028135848211 	-0.05166247380543136 	
-9.84980947728383 	-5.324120547945205 	-0.05292001402535171 	-0.05259204988951733 	
-9.83980459208598 	-5.299528767123288 	-0.0534675583609208 	-0.05325094252823157 	
-9.82979970688813 	-5.27493698630137 	-0.05374913206444646 	-0.05364171923170571 	
-9.819794821690278 	-5.2503452054794515 	-0.05378144713174435 	-0.05377592426750951 	
-9.809789936492429 	-5.225753424657534 	-0.05359064301772024 	-0.05367544266225962 	
-9.799785051294577 	-5.201161643835617 	-0.05320733797980975 	-0.05336871877786654 	
-9.789780166096728 	-5.1765698630136985 	-0.05266334464654713 	-0.05288653547959735 	
-9.779775280898876 	-5.15197808219178 	-0.051993089975219356 	-0.05226187876933097 	
-9.769770395701027 	-5.127386301369863 	-0.05123689810675244 	-0.05153315951416651 	
-9.759765510503176 	-5.1027945205479455 	-0.05043997151262189 	-0.050745271178303214 	
-9.749760625305324 	-5.078202739726027 	-0.04964373141934357 	-0.04994343316976921 	
-9.739755740107475 	-5.053610958904109 	-0.048873650017393355 	-0.049161059277519945 	
-9.729750854909623 	-5.029019178082192 	-0.04813327596344113 	-0.048410096967800006 	
-9.719745969711774 	-5.004427397260274 	-0.04741135189226872 	-0.04768296404908874 	
-9.709741084513922 	-4.979835616438356 	-0.04669892448396527 	-0.04696705571591826 	
-9.699736199316073 	-4.9552438356164386 	-0.046005200994822575 	-0.046262713106870586 	
-9.689731314118221 	-4.93065205479452 	-0.04536199121000206 	-0.04559288649680894 	
-9.679726428920372 	-4.906060273972603 	-0.04481492129555406 	-0.04499915960187326 	
-9.66972154372252 	-4.881468493150685 	-0.04440745556280897 	-0.044527701229570345 	
-9.65971665852467 	-4.856876712328767 	-0.044165950136292216 	-0.04421322638683749 	
-9.64971177332682 	-4.832284931506849 	-0.04409083046308193 	-0.04406758100483691 	
-9.63970688812897 	-4.807693150684932 	-0.044154129363524225 	-0.044074854006837395 	
-9.629702002931118 	-4.783101369863013 	-0.0443012079594358 	-0.04419127320567752 	
-9.619697117733269 	-4.758509589041096 	-0.04445633009076251 	-0.0443486540894545 	
-9.609692232535417 	-4.733917808219178 	-0.04453458661457585 	-0.04446343694133721 	
-9.599687347337568 	-4.70932602739726 	-0.0444603781916587 	-0.04445336804942532 	
-9.589682462139717 	-4.684734246575342 	-0.04418491345441644 	-0.044257188718266574 	
-9.579677576941867 	-4.660142465753425 	-0.0436913181681429 	-0.04384581350392885 	
-9.569672691744016 	-4.6355506849315065 	-0.04298433741400747 	-0.043217281168242784 	
-9.559667806546166 	-4.610958904109589 	-0.04207585969730601 	-0.04238184281454143 	
-9.549662921348315 	-4.586367123287671 	-0.0409813182081277 	-0.04135298875637769 	
-9.539658036150465 	-4.5617753424657534 	-0.03972952920212496 	-0.04015304932391372 	
-9.529653150952614 	-4.537183561643835 	-0.038372974645396 	-0.03882520873027026 	
-9.519648265754764 	-4.512591780821918 	-0.03698429862871877 	-0.03743598697119762 	
-9.509643380556913 	-4.4879999999999995 	-0.03563909873634371 	-0.03606205227677435 	
-9.499638495359061 	-4.463408219178082 	-0.03439885174569361 	-0.03477140616868446 	
-9.489633610161212 	-4.438816438356165 	-0.03330596205128116 	-0.033613565976730625 	
-9.47962872496336 	-4.4142246575342465 	-0.03238827581918162 	-0.03262185099276352 	
-9.46962383976551 	-4.389632876712328 	-0.03166039140007345 	-0.03181715423389848 	
-9.45961895456766 	-4.365041095890411 	-0.03111532505379562 	-0.031202800395587753 	
-9.44961406936981 	-4.3404493150684935 	-0.030714259957433425 	-0.030753297519759058 	
-9.439609184171958 	-4.315857534246575 	-0.030386794642150605 	-0.030409421402072683 	
-9.429604298974109 	-4.291265753424657 	-0.030045078175115963 	-0.030087350217087343 	
-9.419599413776258 	-4.26667397260274 	-0.02960491000854005 	-0.029698149518536603 	
-9.409594528578408 	-4.242082191780822 	-0.029005670820779834 	-0.029169061128422564 	
-9.399589643380557 	-4.217490410958904 	-0.0282250359064209 	-0.028460951160654953 	
-9.389584758182707 	-4.192898630136986 	-0.027285933693288442 	-0.027578924133603678 	
-9.379579872984856 	-4.168306849315068 	-0.026252630870481394 	-0.026572829984520933 	
-9.369574987787006 	-4.143715068493151 	-0.025214995293505533 	-0.025525552970435354 	
-9.359570102589155 	-4.119123287671233 	-0.024264829980498302 	-0.0245313853122534 	
-9.349565217391305 	-4.094531506849314 	-0.02347170704631296 	-0.023671044028771772 	
-9.339560332193454 	-4.069939726027397 	-0.02286611194705528 	-0.02299123307588437 	
-9.329555446995604 	-4.04534794520548 	-0.022435641428683074 	-0.022495439465976416 	
-9.319550561797753 	-4.020756164383561 	-0.02213580906684331 	-0.022149413653253104 	
-9.309545676599903 	-3.9961643835616436 	-0.021910961645980963 	-0.021899277674922644 	
-9.299540791402052 	-3.971572602739726 	-0.02171548882034379 	-0.02169401073710481 	
-9.289535906204202 	-3.946980821917808 	-0.02152504316159455 	-0.021501330679516265 	
-9.27953102100635 	-3.92238904109589 	-0.021333261045696664 	-0.02130969883436283 	
-9.269526135808501 	-3.8977972602739723 	-0.02113795096824299 	-0.021117378075870673 	
-9.25952125061065 	-3.8732054794520545 	-0.02092662833591963 	-0.020916842904827006 	
-9.249516365412799 	-3.8486136986301367 	-0.020671699224145124 	-0.020685384635871787 	
-9.239511480214949 	-3.824021917808219 	-0.020340192980746817 	-0.020389451199442545 	
-9.229506595017098 	-3.799430136986301 	-0.019913245485916966 	-0.02000184798073858 	
-9.219501709819248 	-3.7748383561643832 	-0.019401605400249638 	-0.019520806191608755 	
-9.209496824621397 	-3.7502465753424654 	-0.0188433908923407 	-0.018975586817694404 	
-9.199491939423547 	-3.7256547945205476 	-0.01828276419211057 	-0.01841136682951973 	
-9.189487054225696 	-3.7010630136986298 	-0.017744323754793914 	-0.017862824553914337 	
-9.179482169027846 	-3.676471232876712 	-0.017221916215274892 	-0.017335940401580575 	
-9.169477283829995 	-3.6518794520547946 	-0.016686997523077278 	-0.016809641625253877 	
-9.159472398632145 	-3.6272876712328768 	-0.01610484307338552 	-0.016250748109138312 	
-9.149467513434294 	-3.602695890410959 	-0.01544488350746361 	-0.01562704044247478 	
-9.139462628236444 	-3.578104109589041 	-0.014683894115969253 	-0.014912072089701002 	
-9.129457743038593 	-3.5535123287671233 	-0.013810201671150926 	-0.014088079707626449 	
-9.119452857840743 	-3.5289205479452055 	-0.012832236047025401 	-0.013153612352753492 	
-9.109447972642892 	-3.5043287671232877 	-0.011784082066576801 	-0.012131932269580634 	
-9.099443087445042 	-3.47973698630137 	-0.010719183898068233 	-0.011070138131807006 	
-9.089438202247191 	-3.455145205479452 	-0.00969310688453667 	-0.010025410005468789 	
-9.079433317049341 	-3.430553424657534 	-0.008745765018441948 	-0.00904592494906816 	
-9.06942843185149 	-3.4059616438356164 	-0.007893179151216496 	-0.008157802392403386 	
-9.05942354665364 	-3.3813698630136986 	-0.00713112981035632 	-0.007363849399095518 	
-9.049418661455789 	-3.3567780821917808 	-0.006446701243244595 	-0.006652409426734961 	
-9.039413776257938 	-3.332186301369863 	-0.005832320379076114 	-0.006011362987997978 	
-9.029408891060088 	-3.307594520547945 	-0.005297114724628311 	-0.005441984221448038 	
-9.019404005862238 	-3.2830027397260273 	-0.004869339687875729 	-0.004966233553155306 	
-9.009399120664387 	-3.2584109589041095 	-0.004584509719578906 	-0.004620532635721654 	
-8.999394235466536 	-3.2338191780821917 	-0.004461710880397921 	-0.004434712201092598 	
-8.989389350268686 	-3.209227397260274 	-0.004481993231397435 	-0.004406703107021909 	
-8.979384465070835 	-3.184635616438356 	-0.004585585479229181 	-0.004490959438072496 	
-8.969379579872985 	-3.160043835616438 	-0.004692792308068906 	-0.004611250208297854 	
-8.959374694675134 	-3.1354520547945204 	-0.004737080008416728 	-0.004691468298926339 	
-8.949369809477284 	-3.1108602739726026 	-0.004692792308068949 	-0.004687356187446017 	
-8.939364924279433 	-3.0862684931506847 	-0.0045855854792291924 	-0.004604413807157543 	
-8.929360039081583 	-3.061676712328767 	-0.004481993231397464 	-0.004495441904706131 	
-8.919355153883732 	-3.037084931506849 	-0.004461710880397957 	-0.0044384980831190385 	
-8.909350268685882 	-3.0124931506849313 	-0.004584509719578928 	-0.0045040124478828575 	
-8.899345383488031 	-2.9879013698630135 	-0.00486933968787576 	-0.004727550246455294 	
-8.889340498290181 	-2.9633095890410956 	-0.005297114724628327 	-0.005103413886725903 	
-8.87933561309233 	-2.938717808219178 	-0.005832320379076114 	-0.005600396299138178 	
-8.86933072789448 	-2.91412602739726 	-0.006446701243244601 	-0.006186029392953951 	
-8.859325842696629 	-2.889534246575342 	-0.0071311298103563 	-0.006843379812096347 	
-8.84932095749878 	-2.8649424657534244 	-0.007893179151216508 	-0.007573947535368073 	
-8.839316072300928 	-2.8403506849315066 	-0.008745765018441954 	-0.008389712591127257 	
-8.829311187103078 	-2.8157589041095887 	-0.009693106884536664 	-0.00930009650195638 	
-8.819306301905227 	-2.791167123287671 	-0.010719183898068217 	-0.010298820919818338 	
-8.809301416707378 	-2.766575342465753 	-0.011784082066576778 	-0.011356009312546347 	
-8.799296531509526 	-2.7419835616438353 	-0.012832236047025401 	-0.012421052740706848 	
-8.789291646311675 	-2.7173917808219175 	-0.013810201671150924 	-0.013437250164794454 	
-8.779286761113825 	-2.6927999999999996 	-0.01468389411596924 	-0.014360759882522271 	
-8.769281875915976 	-2.668208219178082 	-0.015444883507463623 	-0.015172148385578224 	
-8.759276990718124 	-2.643616438356164 	-0.01610484307338553 	-0.01587512932552249 	
-8.749272105520273 	-2.619024657534246 	-0.01668699752307727 	-0.01648839392289598 	
-8.739267220322423 	-2.594432876712329 	-0.017221916215274892 	-0.017039819158023585 	
-8.729262335124572 	-2.569841095890411 	-0.017744323754793904 	-0.017563783870947442 	
-8.719257449926722 	-2.545249315068493 	-0.01828276419211057 	-0.018093718299746975 	
-8.709252564728871 	-2.5206575342465753 	-0.0188433908923407 	-0.018646603728228087 	
-8.699247679531021 	-2.4960657534246575 	-0.019401605400249638 	-0.019209642896112877 	
-8.68924279433317 	-2.4714739726027397 	-0.019913245485916976 	-0.019743727928462778 	
-8.67923790913532 	-2.446882191780822 	-0.020340192980746814 	-0.02020544868456691 	
-8.669233023937469 	-2.422290410958904 	-0.02067169922414514 	-0.020572313607274333 	
-8.65922813873962 	-2.3976986301369863 	-0.02092662833591963 	-0.020852889190622698 	
-8.649223253541768 	-2.3731068493150684 	-0.02113795096824298 	-0.021076804127265127 	
-8.639218368343919 	-2.3485150684931506 	-0.021333261045696664 	-0.021275005789294196 	
-8.629213483146067 	-2.323923287671233 	-0.021525043161594537 	-0.021465414760400772 	
-8.619208597948218 	-2.299331506849315 	-0.02171548882034379 	-0.021652580374618518 	
-8.609203712750366 	-2.2747397260273967 	-0.02191096164598096 	-0.021839649323919182 	
-8.599198827552517 	-2.2501479452054793 	-0.022135809066843305 	-0.022043624926527908 	
-8.589193942354665 	-2.225556164383561 	-0.02243564142868307 	-0.022303210952864454 	
-8.579189057156816 	-2.2009643835616437 	-0.02286611194705527 	-0.022672722001730747 	
-8.569184171958964 	-2.1763726027397254 	-0.023471707046312948 	-0.023203598808619545 	
-8.559179286761115 	-2.151780821917808 	-0.024264829980498302 	-0.02392227072995709 	
-8.549174401563263 	-2.12718904109589 	-0.025214995293505536 	-0.02481490325287316 	
-8.539169516365412 	-2.1025972602739724 	-0.026252630870481426 	-0.025825652077556542 	
-8.529164631167562 	-2.078005479452055 	-0.027285933693288453 	-0.026868990978991716 	
-8.519159745969713 	-2.053413698630137 	-0.028225035906420892 	-0.027851781579566772 	
-8.509154860771861 	-2.0288219178082194 	-0.02900567082077984 	-0.028697866546367093 	
-8.49914997557401 	-2.004230136986301 	-0.029604910008540018 	-0.0293672998823951 	
-8.48914509037616 	-1.9796383561643838 	-0.03004507817511595 	-0.029864787597985245 	
-8.47914020517831 	-1.9550465753424655 	-0.030386794642150605 	-0.030236725599343026 	
-8.46913531998046 	-1.9304547945205481 	-0.030714259957433408 	-0.03055952903007418 	
-8.459130434782608 	-1.9058630136986299 	-0.03111532505379563 	-0.030921739858090554 	
-8.449125549584759 	-1.8812712328767125 	-0.03166039140007345 	-0.03140267903266296 	
-8.439120664386907 	-1.8566794520547942 	-0.03238827581918161 	-0.03205443463700952 	
-8.429115779189058 	-1.8320876712328769 	-0.033305962051281154 	-0.03289592851539514 	
-8.419110893991206 	-1.8074958904109586 	-0.034398851745693605 	-0.033920267264193414 	
-8.409106008793357 	-1.7829041095890412 	-0.035639098736343716 	-0.0351050865736863 	
-8.399101123595505 	-1.758312328767123 	-0.03698429862871877 	-0.0364146170619823 	
-8.389096238397656 	-1.7337205479452056 	-0.03837297464539599 	-0.03779473487832951 	
-8.379091353199804 	-1.7091287671232873 	-0.03972952920212496 	-0.039173362454333734 	
-8.369086468001955 	-1.68453698630137 	-0.0409813182081277 	-0.04047403599005474 	
-8.359081582804103 	-1.6599452054794517 	-0.042075859697306 	-0.041635174642121506 	
-8.349076697606254 	-1.6353534246575343 	-0.04298433741400744 	-0.04261965218538663 	
-8.339071812408402 	-1.610761643835616 	-0.0436913181681429 	-0.04340842378721621 	
-8.329066927210553 	-1.5861698630136987 	-0.04418491345441642 	-0.04398844177362818 	
-8.319062042012701 	-1.5615780821917804 	-0.0444603781916587 	-0.044350542904895145 	
-8.309057156814852 	-1.536986301369863 	-0.044534586614575856 	-0.04450118226387811 	
-8.299052271617 	-1.5123945205479448 	-0.044456330090762504 	-0.04447608105235126 	
-8.28904738641915 	-1.4878027397260274 	-0.04430120795943579 	-0.04434138165237812 	
-8.2790425012213 	-1.4632109589041091 	-0.04415412936352424 	-0.044180001879187976 	
-8.26903761602345 	-1.4386191780821918 	-0.044090830463081945 	-0.04407273603350456 	
-8.259032730825599 	-1.4140273972602735 	-0.0441659501362922 	-0.04408376722140644 	
-8.249027845627747 	-1.3894356164383561 	-0.044407455562808944 	-0.04425276017123912 	
-8.239022960429898 	-1.3648438356164379 	-0.04481492129555407 	-0.044591267137527785 	
-8.229018075232048 	-1.3402520547945205 	-0.04536199121000205 	-0.04508289394000489 	
-8.219013190034197 	-1.3156602739726022 	-0.04600520099482258 	-0.04568938427591964 	
-8.209008304836345 	-1.2910684931506848 	-0.04669892448396526 	-0.04636371745727515 	
-8.199003419638496 	-1.2664767123287666 	-0.04741135189226872 	-0.047066828826554295 	
-8.188998534440644 	-1.2418849315068492 	-0.048133275963441136 	-0.0477803265573421 	
-8.178993649242795 	-1.217293150684931 	-0.048873650017393355 	-0.048507540114178446 	
-8.168988764044943 	-1.1927013698630136 	-0.049643731419343556 	-0.04926125557116621 	
-8.158983878847094 	-1.1681095890410953 	-0.05043997151262189 	-0.050045580505022155 	
-8.148978993649242 	-1.143517808219178 	-0.05123689810675244 	-0.0508439651609741 	
-8.138974108451393 	-1.1189260273972597 	-0.051993089975219335 	-0.05162037855647456 	
-8.128969223253542 	-1.0943342465753423 	-0.05266334464654711 	-0.05233015052276003 	
-8.118964338055692 	-1.069742465753424 	-0.053207337979809734 	-0.052930755671761684 	
-8.10895945285784 	-1.0451506849315066 	-0.053590643017720235 	-0.05338563710854291 	
-8.098954567659991 	-1.0205589041095893 	-0.05378144713174435 	-0.053661855346592575 	
-8.08894968246214 	-0.995967123287671 	-0.05374913206444645 	-0.05372745621179461 	
-8.078944797264288 	-0.9713753424657536 	-0.05346755836092081 	-0.05355321899279416 	
-8.068939912066439 	-0.9467835616438354 	-0.05292001402535173 	-0.053117776563343766 	
-8.058935026868589 	-0.922191780821918 	-0.052100281358482145 	-0.05241070231327692 	
-8.048930141670738 	-0.8975999999999997 	-0.051008145767980836 	-0.05142984967210316 	
-8.038925256472886 	-0.8730082191780824 	-0.049643746325870076 	-0.05017543186201685 	
-8.028920371275037 	-0.8484164383561641 	-0.048006005354483045 	-0.048646711537176784 	
-8.018915486077187 	-0.8238246575342467 	-0.046094789857000065 	-0.04684337131753595 	
-8.008910600879336 	-0.7992328767123285 	-0.043911717231465835 	-0.04476746956607654 	
-7.998905715681485 	-0.7746410958904111 	-0.041456796077853145 	-0.0424213874116833 	
-7.988900830483635 	-0.7500493150684928 	-0.03872419845910498 	-0.03980287557100584 	
-7.9788959452857835 	-0.7254575342465754 	-0.03570234595579707 	-0.036902701815911314 	
-7.968891060087934 	-0.7008657534246572 	-0.03237853979846387 	-0.033707792411372346 	
-7.9588861748900825 	-0.6762739726027398 	-0.028742105506941056 	-0.030205954573821588 	
-7.948881289692233 	-0.6516821917808215 	-0.02477977571692492 	-0.026385019111286476 	
-7.938876404494382 	-0.6270904109589042 	-0.020463954924865267 	-0.022223781133392212 	
-7.928871519296532 	-0.6024986301369859 	-0.01574151043019371 	-0.01768006814178695 	
-7.918866634098681 	-0.5779068493150685 	-0.010529870218106804 	-0.012683781913517106 	
-7.908861748900831 	-0.5533150684931503 	-0.004719656900418889 	-0.007137107765106561 	
-7.89885686370298 	-0.5287232876712329 	0.001821975971196467 	-0.0009174688748671538 	
-7.88885197850513 	-0.5041315068493146 	0.009250768709751632 	0.006121258249915825 	
-7.878847093307279 	-0.47953972602739725 	0.017746476107102144 	0.014149324101546595 	
-7.868842208109429 	-0.454947945205479 	0.027514763996033156 	0.02336204664564682 	
-7.858837322911578 	-0.4303561643835616 	0.03879278472249437 	0.033982929492530144 	
-7.848832437713727 	-0.40576438356164335 	0.05186287276068293 	0.046273644516409924 	
-7.838827552515877 	-0.381172602739726 	0.06707515966872557 	0.0605536489778572 	
-7.828822667318026 	-0.3565808219178077 	0.0848731538662411 	0.0772260524784471 	
-7.818817782120176 	-0.33198904109589034 	0.10581116744071102 	0.09679986013673396 	
-7.808812896922325 	-0.3073972602739721 	0.13055437182493349 	0.11989736804560103 	
-7.798808011724475 	-0.2828054794520547 	0.1598632316903669 	0.14724338993100106 	
-7.788803126526624 	-0.25821369863013643 	0.1945773754831171 	0.17964686348924278 	
-7.778798241328774 	-0.23362191780821906 	0.23561862044944645 	0.21799405606198166 	
-7.7687933561309235 	-0.2090301369863008 	0.2840287783102113 	0.26327027640963796 	
-7.758788470933073 	-0.18443835616438342 	0.3410552277342926 	0.316624616488891 	
-7.7487835857352225 	-0.15984657534246516 	0.40826770276251 	0.3794859993302252 	
-7.738778700537372 	-0.13525479452054778 	0.487523715609901 	0.4536419517182029 	
-7.728773815339521 	-0.11066301369862952 	0.5802586571683481 	0.5408906388646593 	
-7.718768930141671 	-0.08607123287671214 	0.6854506154182962 	0.6415662136109384 	
-7.70876404494382 	-0.06147945205479388 	0.7964732261648674 	0.7516455764024945 	
-7.69875915974597 	-0.03688767123287651 	0.8989549894250709 	0.8597988451260566 	
-7.688754274548119 	-0.012295890410958243 	0.9728771440912024 	0.9475194008000121 	
-7.678749389350269 	0.012295890410959132 	1.0 	0.9947138588602064 	
-7.668744504152418 	0.03688767123287651 	0.9728771440912026 	0.9888769286207809 	
-7.658739618954568 	0.06147945205479477 	0.8989549894250709 	0.9317528262220733 	
-7.648734733756717 	0.08607123287671214 	0.7964732261648674 	0.8383021142081027 	
-7.638729848558867 	0.11066301369863041 	0.6854506154182962 	0.7288545241408431 	
-7.628724963361016 	0.13525479452054778 	0.5802586571683481 	0.6204433088214659 	
-7.618720078163166 	0.15984657534246605 	0.487523715609901 	0.5225967179475849 	
-7.608715192965315 	0.18443835616438342 	0.40826770276251 	0.4381787071295088 	
-7.5987103077674645 	0.20903013698630168 	0.3410552277342926 	0.3664486410377255 	
-7.588705422569614 	0.23362191780821906 	0.2840287783102113 	0.3056053907339744 	
-7.5787005373717635 	0.2582136986301373 	0.23561862044944645 	0.25395196468922765 	
-7.568695652173913 	0.2828054794520547 	0.1945773754831171 	0.21012700627834283 	
-7.558690766976063 	0.30739726027397296 	0.15986323169036687 	0.17301988560894854 	
-7.548685881778212 	0.33198904109589034 	0.13055437182493349 	0.14166870512331534 	
-7.538680996580362 	0.3565808219178086 	0.10581116744071103 	0.11520437407366232 	
-7.528676111382511 	0.381172602739726 	0.08487315386624107 	0.09283494201447806 	
-7.518671226184661 	0.40576438356164424 	0.06707515966872557 	0.0738561091924519 	
-7.50866634098681 	0.4303561643835616 	0.05186287276068293 	0.05766911378700802 	
-7.49866145578896 	0.4549479452054799 	0.038792784722494346 	0.04378781135677079 	
-7.488656570591109 	0.47953972602739725 	0.02751476399603317 	0.031827703720833114 	
-7.478651685393258 	0.5041315068493155 	0.017746476107102158 	0.021482574978093052 	
-7.468646800195408 	0.5287232876712329 	0.009250768709751635 	0.012499913668272281 	
-7.458641914997557 	0.5533150684931512 	0.0018219759711964863 	0.0046634334297092515 	
-7.448637029799707 	0.5779068493150685 	-0.004719656900418886 	-0.0022156008260789902 	
-7.438632144601856 	0.6024986301369868 	-0.010529870218106807 	-0.008301704252548447 	
-7.428627259404006 	0.6270904109589042 	-0.015741510430193714 	-0.013736923088069264 	
-7.418622374206155 	0.6516821917808224 	-0.020463954924865288 	-0.01864111468976814 	
-7.408617489008305 	0.6762739726027398 	-0.02477977571692492 	-0.023109010601738814 	
-7.398612603810454 	0.7008657534246581 	-0.028742105506941062 	-0.02720595144352968 	
-7.3886077186126045 	0.7254575342465754 	-0.03237853979846386 	-0.0309684756655003 	
-7.378602833414753 	0.7500493150684937 	-0.03570234595579707 	-0.03441339265809443 	
-7.368597948216903 	0.7746410958904111 	-0.03872419845910499 	-0.03755084399188107 	
-7.358593063019052 	0.7992328767123293 	-0.041456796077853145 	-0.04039259586464699 	
-7.348588177821202 	0.8238246575342467 	-0.04391171723146582 	-0.04295154875913984 	
-7.338583292623351 	0.848416438356165 	-0.04609478985700006 	-0.0452366927956962 	
-7.328578407425501 	0.8730082191780824 	-0.04800600535448302 	-0.04725070412092544 	
-7.31857352222765 	0.8976000000000006 	-0.049643746325870076 	-0.04899278695115966 	
-7.3085686370298 	0.922191780821918 	-0.05100814576798084 	-0.05046289987384782 	
-7.298563751831949 	0.9467835616438363 	-0.05210028135848211 	-0.05166247380543136 	
-7.288558866634099 	0.9713753424657536 	-0.05292001402535171 	-0.05259204988951733 	
-7.278553981436248 	0.9959671232876719 	-0.0534675583609208 	-0.05325094252823157 	
-7.268549096238398 	1.0205589041095893 	-0.05374913206444646 	-0.05364171923170571 	
-7.258544211040547 	1.0451506849315075 	-0.05378144713174435 	-0.05377592426750951 	
-7.248539325842696 	1.069742465753425 	-0.05359064301772024 	-0.05367544266225962 	
-7.238534440644846 	1.0943342465753423 	-0.05320733797980975 	-0.05336871877786654 	
-7.228529555446995 	1.1189260273972605 	-0.05266334464654713 	-0.05288653547959735 	
-7.2185246702491455 	1.143517808219178 	-0.051993089975219356 	-0.05226187876933097 	
-7.208519785051294 	1.1681095890410962 	-0.05123689810675244 	-0.05153315951416651 	
-7.1985148998534445 	1.1927013698630136 	-0.05043997151262189 	-0.050745271178303214 	
-7.188510014655593 	1.2172931506849318 	-0.04964373141934357 	-0.04994343316976921 	
-7.1785051294577435 	1.2418849315068492 	-0.048873650017393355 	-0.049161059277519945 	
-7.168500244259892 	1.2664767123287675 	-0.04813327596344113 	-0.048410096967800006 	
-7.158495359062043 	1.2910684931506848 	-0.04741135189226872 	-0.04768296404908874 	
-7.148490473864191 	1.315660273972603 	-0.04669892448396527 	-0.04696705571591826 	
-7.138485588666342 	1.3402520547945205 	-0.046005200994822575 	-0.046262713106870586 	
-7.12848070346849 	1.3648438356164387 	-0.04536199121000206 	-0.04559288649680894 	
-7.11847581827064 	1.3894356164383561 	-0.04481492129555406 	-0.04499915960187326 	
-7.108470933072789 	1.4140273972602744 	-0.04440745556280897 	-0.044527701229570345 	
-7.098466047874939 	1.4386191780821918 	-0.044165950136292216 	-0.04421322638683749 	
-7.088461162677088 	1.46321095890411 	-0.04409083046308193 	-0.04406758100483691 	
-7.078456277479238 	1.4878027397260274 	-0.044154129363524225 	-0.044074854006837395 	
-7.068451392281387 	1.5123945205479457 	-0.0443012079594358 	-0.04419127320567752 	
-7.058446507083537 	1.536986301369863 	-0.04445633009076251 	-0.0443486540894545 	
-7.0484416218856865 	1.5615780821917813 	-0.04453458661457585 	-0.04446343694133721 	
-7.038436736687836 	1.5861698630136987 	-0.0444603781916587 	-0.04445336804942532 	
-7.0284318514899855 	1.610761643835617 	-0.04418491345441644 	-0.044257188718266574 	
-7.018426966292135 	1.6353534246575343 	-0.0436913181681429 	-0.04384581350392885 	
-7.0084220810942846 	1.6599452054794526 	-0.04298433741400747 	-0.043217281168242784 	
-6.998417195896433 	1.68453698630137 	-0.04207585969730601 	-0.04238184281454143 	
-6.988412310698584 	1.7091287671232882 	-0.0409813182081277 	-0.04135298875637769 	
-6.978407425500732 	1.7337205479452065 	-0.03972952920212496 	-0.04015304932391372 	
-6.968402540302883 	1.758312328767123 	-0.038372974645396 	-0.03882520873027026 	
-6.958397655105031 	1.7829041095890412 	-0.03698429862871877 	-0.03743598697119762 	
-6.948392769907182 	1.8074958904109595 	-0.03563909873634371 	-0.03606205227677435 	
-6.93838788470933 	1.8320876712328777 	-0.03439885174569361 	-0.03477140616868446 	
-6.928382999511481 	1.8566794520547942 	-0.03330596205128116 	-0.033613565976730625 	
-6.918378114313629 	1.8812712328767125 	-0.03238827581918162 	-0.03262185099276352 	
-6.90837322911578 	1.9058630136986308 	-0.03166039140007345 	-0.03181715423389848 	
-6.898368343917928 	1.930454794520549 	-0.03111532505379562 	-0.031202800395587753 	
-6.888363458720079 	1.9550465753424655 	-0.030714259957433425 	-0.030753297519759058 	
-6.8783585735222275 	1.9796383561643838 	-0.030386794642150605 	-0.030409421402072683 	
-6.868353688324377 	2.004230136986302 	-0.030045078175115963 	-0.030087350217087343 	
-6.8583488031265265 	2.0288219178082203 	-0.02960491000854005 	-0.029698149518536603 	
-6.848343917928676 	2.053413698630137 	-0.029005670820779834 	-0.029169061128422564 	
-6.8383390327308256 	2.078005479452055 	-0.0282250359064209 	-0.028460951160654953 	
-6.828334147532975 	2.1025972602739733 	-0.027285933693288442 	-0.027578924133603678 	
-6.818329262335125 	2.12718904109589 	-0.026252630870481394 	-0.026572829984520933 	
-6.808324377137274 	2.151780821917808 	-0.025214995293505533 	-0.025525552970435354 	
-6.798319491939424 	2.1763726027397263 	-0.024264829980498302 	-0.0245313853122534 	
-6.788314606741573 	2.2009643835616446 	-0.02347170704631296 	-0.023671044028771772 	
-6.778309721543723 	2.225556164383561 	-0.02286611194705528 	-0.02299123307588437 	
-6.768304836345872 	2.2501479452054793 	-0.022435641428683074 	-0.022495439465976416 	
-6.758299951148022 	2.2747397260273976 	-0.02213580906684331 	-0.022149413653253104 	
-6.74829506595017 	2.299331506849316 	-0.021910961645980963 	-0.021899277674922644 	
-6.738290180752321 	2.3239232876712324 	-0.02171548882034379 	-0.02169401073710481 	
-6.728285295554469 	2.3485150684931506 	-0.02152504316159455 	-0.021501330679516265 	
-6.71828041035662 	2.373106849315069 	-0.021333261045696664 	-0.02130969883436283 	
-6.7082755251587685 	2.397698630136987 	-0.02113795096824299 	-0.021117378075870673 	
-6.698270639960919 	2.4222904109589036 	-0.02092662833591963 	-0.020916842904827006 	
-6.6882657547630675 	2.446882191780822 	-0.020671699224145124 	-0.020685384635871787 	
-6.678260869565218 	2.47147397260274 	-0.020340192980746817 	-0.020389451199442545 	
-6.6682559843673666 	2.4960657534246584 	-0.019913245485916966 	-0.02000184798073858 	
-6.658251099169517 	2.520657534246575 	-0.019401605400249638 	-0.019520806191608755 	
-6.648246213971666 	2.545249315068493 	-0.0188433908923407 	-0.018975586817694404 	
-6.638241328773815 	2.5698410958904114 	-0.01828276419211057 	-0.01841136682951973 	
-6.628236443575965 	2.5944328767123297 	-0.017744323754793914 	-0.017862824553914337 	
-6.618231558378114 	2.619024657534246 	-0.017221916215274892 	-0.017335940401580575 	
-6.608226673180264 	2.6436164383561644 	-0.016686997523077278 	-0.016809641625253877 	
-6.598221787982413 	2.6682082191780827 	-0.01610484307338552 	-0.016250748109138312 	
-6.588216902784563 	2.692800000000001 	-0.01544488350746361 	-0.01562704044247478 	
-6.578212017586712 	2.7173917808219175 	-0.014683894115969253 	-0.014912072089701002 	
-6.568207132388862 	2.7419835616438357 	-0.013810201671150926 	-0.014088079707626449 	
-6.558202247191011 	2.766575342465754 	-0.012832236047025401 	-0.013153612352753492 	
-6.548197361993161 	2.7911671232876722 	-0.011784082066576801 	-0.012131932269580634 	
-6.53819247679531 	2.8157589041095887 	-0.010719183898068233 	-0.011070138131807006 	
-6.52818759159746 	2.840350684931507 	-0.00969310688453667 	-0.010025410005468789 	
-6.5181827063996085 	2.8649424657534253 	-0.008745765018441948 	-0.00904592494906816 	
-6.508177821201759 	2.8895342465753435 	-0.007893179151216496 	-0.008157802392403386 	
-6.4981729360039076 	2.91412602739726 	-0.00713112981035632 	-0.007363849399095518 	
-6.488168050806058 	2.9387178082191783 	-0.006446701243244595 	-0.006652409426734961 	
-6.478163165608207 	2.9633095890410965 	-0.005832320379076114 	-0.006011362987997978 	
-6.468158280410357 	2.987901369863015 	-0.005297114724628311 	-0.005441984221448038 	
-6.458153395212506 	3.0124931506849313 	-0.004869339687875729 	-0.004966233553155306 	
-6.448148510014656 	3.0370849315068495 	-0.004584509719578906 	-0.004620532635721654 	
-6.438143624816805 	3.061676712328768 	-0.004461710880397921 	-0.004434712201092598 	
-6.428138739618955 	3.086268493150686 	-0.004481993231397435 	-0.004406703107021909 	
-6.418133854421104 	3.1108602739726026 	-0.004585585479229181 	-0.004490959438072496 	
-6.408128969223254 	3.135452054794521 	-0.004692792308068906 	-0.004611250208297854 	
-6.398124084025403 	3.160043835616439 	-0.004737080008416728 	-0.004691468298926339 	
-6.388119198827552 	3.1846356164383556 	-0.004692792308068949 	-0.004687356187446017 	
-6.378114313629702 	3.209227397260274 	-0.0045855854792291924 	-0.004604413807157543 	
-6.368109428431851 	3.233819178082192 	-0.004481993231397464 	-0.004495441904706131 	
-6.358104543234001 	3.2584109589041104 	-0.004461710880397957 	-0.0044384980831190385 	
-6.34809965803615 	3.283002739726027 	-0.004584509719578928 	-0.0045040124478828575 	
-6.3380947728383 	3.307594520547945 	-0.00486933968787576 	-0.004727550246455294 	
-6.328089887640449 	3.3321863013698634 	-0.005297114724628327 	-0.005103413886725903 	
-6.318085002442599 	3.3567780821917816 	-0.005832320379076114 	-0.005600396299138178 	
-6.3080801172447485 	3.381369863013698 	-0.006446701243244601 	-0.006186029392953951 	
-6.298075232046898 	3.4059616438356164 	-0.0071311298103563 	-0.006843379812096347 	
-6.2880703468490475 	3.4305534246575347 	-0.007893179151216508 	-0.007573947535368073 	
-6.278065461651197 	3.455145205479453 	-0.008745765018441954 	-0.008389712591127257 	
-6.268060576453346 	3.4797369863013694 	-0.009693106884536664 	-0.00930009650195638 	
-6.258055691255496 	3.5043287671232877 	-0.010719183898068217 	-0.010298820919818338 	
-6.248050806057645 	3.528920547945206 	-0.011784082066576778 	-0.011356009312546347 	
-6.238045920859795 	3.553512328767124 	-0.012832236047025401 	-0.012421052740706848 	
-6.228041035661945 	3.5781041095890407 	-0.013810201671150924 	-0.013437250164794454 	
-6.218036150464094 	3.602695890410959 	-0.01468389411596924 	-0.014360759882522271 	
-6.208031265266243 	3.627287671232877 	-0.015444883507463623 	-0.015172148385578224 	
-6.198026380068392 	3.6518794520547955 	-0.01610484307338553 	-0.01587512932552249 	
-6.188021494870542 	3.676471232876712 	-0.01668699752307727 	-0.01648839392289598 	
-6.178016609672691 	3.70106301369863 	-0.017221916215274892 	-0.017039819158023585 	
-6.168011724474841 	3.7256547945205485 	-0.017744323754793904 	-0.017563783870947442 	
-6.15800683927699 	3.7502465753424667 	-0.01828276419211057 	-0.018093718299746975 	
-6.14800195407914 	3.7748383561643832 	-0.0188433908923407 	-0.018646603728228087 	
-6.1379970688812895 	3.7994301369863015 	-0.019401605400249638 	-0.019209642896112877 	
-6.127992183683439 	3.8240219178082198 	-0.019913245485916976 	-0.019743727928462778 	
-6.1179872984855885 	3.848613698630138 	-0.020340192980746814 	-0.02020544868456691 	
-6.107982413287738 	3.8732054794520545 	-0.02067169922414514 	-0.020572313607274333 	
-6.097977528089888 	3.8977972602739728 	-0.02092662833591963 	-0.020852889190622698 	
-6.087972642892037 	3.922389041095891 	-0.02113795096824298 	-0.021076804127265127 	
-6.077967757694187 	3.9469808219178093 	-0.021333261045696664 	-0.021275005789294196 	
-6.067962872496336 	3.971572602739726 	-0.021525043161594537 	-0.021465414760400772 	
-6.057957987298486 	3.996164383561644 	-0.02171548882034379 	-0.021652580374618518 	
-6.047953102100635 	4.020756164383562 	-0.02191096164598096 	-0.021839649323919182 	
-6.037948216902785 	4.045347945205481 	-0.022135809066843305 	-0.022043624926527908 	
-6.027943331704934 	4.069939726027397 	-0.02243564142868307 	-0.022303210952864454 	
-6.017938446507084 	4.094531506849315 	-0.02286611194705527 	-0.022672722001730747 	
-6.007933561309233 	4.119123287671234 	-0.023471707046312948 	-0.023203598808619545 	
-5.997928676111383 	4.143715068493152 	-0.024264829980498302 	-0.02392227072995709 	
-5.987923790913532 	4.168306849315068 	-0.025214995293505536 	-0.02481490325287316 	
-5.977918905715682 	4.192898630136987 	-0.026252630870481426 	-0.025825652077556542 	
-5.9679140205178305 	4.217490410958905 	-0.027285933693288453 	-0.026868990978991716 	
-5.95790913531998 	4.242082191780821 	-0.028225035906420892 	-0.027851781579566772 	
-5.9479042501221295 	4.26667397260274 	-0.02900567082077984 	-0.028697866546367093 	
-5.937899364924279 	4.291265753424658 	-0.029604910008540018 	-0.0293672998823951 	
-5.927894479726429 	4.315857534246576 	-0.03004507817511595 	-0.029864787597985245 	
-5.917889594528578 	4.340449315068493 	-0.030386794642150605 	-0.030236725599343026 	
-5.907884709330728 	4.365041095890411 	-0.030714259957433408 	-0.03055952903007418 	
-5.897879824132877 	4.389632876712329 	-0.03111532505379563 	-0.030921739858090554 	
-5.887874938935027 	4.414224657534247 	-0.03166039140007345 	-0.03140267903266296 	
-5.877870053737176 	4.438816438356164 	-0.03238827581918161 	-0.03205443463700952 	
-5.867865168539326 	4.463408219178082 	-0.033305962051281154 	-0.03289592851539514 	
-5.857860283341475 	4.488 	-0.034398851745693605 	-0.033920267264193414 	
-5.847855398143625 	4.512591780821919 	-0.035639098736343716 	-0.0351050865736863 	
-5.837850512945774 	4.537183561643835 	-0.03698429862871877 	-0.0364146170619823 	
-5.827845627747924 	4.5617753424657534 	-0.03837297464539599 	-0.03779473487832951 	
-5.817840742550073 	4.586367123287672 	-0.03972952920212496 	-0.039173362454333734 	
-5.807835857352223 	4.61095890410959 	-0.0409813182081277 	-0.04047403599005474 	
-5.797830972154372 	4.6355506849315065 	-0.042075859697306 	-0.041635174642121506 	
-5.787826086956522 	4.660142465753425 	-0.04298433741400744 	-0.04261965218538663 	
-5.777821201758671 	4.684734246575343 	-0.0436913181681429 	-0.04340842378721621 	
-5.767816316560821 	4.709326027397261 	-0.04418491345441642 	-0.04398844177362818 	
-5.7578114313629705 	4.733917808219178 	-0.0444603781916587 	-0.044350542904895145 	
-5.74780654616512 	4.758509589041096 	-0.044534586614575856 	-0.04450118226387811 	
-5.7378016609672695 	4.783101369863014 	-0.044456330090762504 	-0.04447608105235126 	
-5.727796775769419 	4.8076931506849325 	-0.04430120795943579 	-0.04434138165237812 	
-5.717791890571568 	4.832284931506849 	-0.04415412936352424 	-0.044180001879187976 	
-5.707787005373717 	4.856876712328767 	-0.044090830463081945 	-0.04407273603350456 	
-5.697782120175867 	4.8814684931506855 	-0.0441659501362922 	-0.04408376722140644 	
-5.687777234978016 	4.906060273972604 	-0.044407455562808944 	-0.04425276017123912 	
-5.677772349780166 	4.93065205479452 	-0.04481492129555407 	-0.044591267137527785 	
-5.667767464582315 	4.9552438356164386 	-0.04536199121000205 	-0.04508289394000489 	
-5.657762579384465 	4.979835616438357 	-0.04600520099482258 	-0.04568938427591964 	
-5.647757694186614 	5.004427397260275 	-0.04669892448396526 	-0.04636371745727515 	
-5.637752808988764 	5.029019178082192 	-0.04741135189226872 	-0.047066828826554295 	
-5.627747923790913 	5.05361095890411 	-0.048133275963441136 	-0.0477803265573421 	
-5.617743038593063 	5.078202739726028 	-0.048873650017393355 	-0.048507540114178446 	
-5.607738153395212 	5.102794520547946 	-0.049643731419343556 	-0.04926125557116621 	
-5.597733268197362 	5.127386301369863 	-0.05043997151262189 	-0.050045580505022155 	
-5.5877283829995115 	5.151978082191781 	-0.05123689810675244 	-0.0508439651609741 	
-5.577723497801661 	5.176569863013699 	-0.051993089975219335 	-0.05162037855647456 	
-5.5677186126038105 	5.201161643835618 	-0.05266334464654711 	-0.05233015052276003 	
-5.55771372740596 	5.225753424657534 	-0.053207337979809734 	-0.052930755671761684 	
-5.54770884220811 	5.250345205479452 	-0.053590643017720235 	-0.05338563710854291 	
-5.537703957010259 	5.274936986301371 	-0.05378144713174435 	-0.053661855346592575 	
-5.527699071812409 	5.299528767123287 	-0.05374913206444645 	-0.05372745621179461 	
-5.517694186614558 	5.324120547945205 	-0.05346755836092081 	-0.05355321899279416 	
-5.507689301416708 	5.348712328767124 	-0.05292001402535173 	-0.053117776563343766 	
-5.497684416218857 	5.373304109589042 	-0.052100281358482145 	-0.05241070231327692 	
-5.487679531021007 	5.397895890410958 	-0.051008145767980836 	-0.05142984967210316 	
-5.477674645823155 	5.422487671232877 	-0.049643746325870076 	-0.05017543186201685 	
-5.467669760625305 	5.447079452054795 	-0.048006005354483045 	-0.048646711537176784 	
-5.457664875427454 	5.471671232876713 	-0.046094789857000065 	-0.04684337131753595 	
-5.447659990229604 	5.49626301369863 	-0.043911717231465835 	-0.04476746956607654 	
-5.437655105031753 	5.520854794520548 	-0.041456796077853145 	-0.0424213874116833 	
-5.427650219833903 	5.545446575342466 	-0.03872419845910498 	-0.03980287557100584 	
-5.4176453346360525 	5.5700383561643845 	-0.03570234595579707 	-0.036902701815911314 	
-5.407640449438202 	5.594630136986301 	-0.03237853979846387 	-0.033707792411372346 	
-5.3976355642403515 	5.619221917808219 	-0.028742105506941056 	-0.030205954573821588 	
-5.387630679042501 	5.6438136986301375 	-0.02477977571692492 	-0.026385019111286476 	
-5.377625793844651 	5.668405479452056 	-0.020463954924865267 	-0.022223781133392212 	
-5.3676209086468 	5.692997260273972 	-0.01574151043019371 	-0.01768006814178695 	
-5.35761602344895 	5.7175890410958905 	-0.010529870218106804 	-0.012683781913517106 	
-5.347611138251099 	5.742180821917809 	-0.004719656900418889 	-0.007137107765106561 	
-5.337606253053249 	5.766772602739727 	0.001821975971196467 	-0.0009174688748671538 	
-5.327601367855398 	5.7913643835616435 	0.009250768709751632 	0.006121258249915825 	
-5.317596482657548 	5.815956164383562 	0.017746476107102144 	0.014149324101546595 	
-5.307591597459697 	5.84054794520548 	0.027514763996033156 	0.02336204664564682 	
-5.297586712261847 	5.865139726027398 	0.03879278472249437 	0.033982929492530144 	
-5.287581827063996 	5.889731506849315 	0.05186287276068293 	0.046273644516409924 	
-5.277576941866146 	5.914323287671233 	0.06707515966872557 	0.0605536489778572 	
-5.267572056668295 	5.938915068493151 	0.0848731538662411 	0.0772260524784471 	
-5.257567171470445 	5.96350684931507 	0.10581116744071102 	0.09679986013673396 	
-5.247562286272594 	5.988098630136986 	0.13055437182493349 	0.11989736804560103 	
-5.237557401074743 	6.012690410958904 	0.1598632316903669 	0.14724338993100106 	
-5.2275525158768925 	6.037282191780823 	0.1945773754831171 	0.17964686348924278 	
-5.217547630679042 	6.061873972602741 	0.23561862044944645 	0.21799405606198166 	
-5.207542745481192 	6.086465753424657 	0.2840287783102113 	0.26327027640963796 	
-5.197537860283341 	6.111057534246576 	0.3410552277342926 	0.316624616488891 	
-5.187532975085491 	6.135649315068494 	0.40826770276251 	0.3794859993302252 	
-5.17752808988764 	6.160241095890412 	0.487523715609901 	0.4536419517182029 	
-5.16752320468979 	6.184832876712329 	0.5802586571683481 	0.5408906388646593 	
-5.157518319491939 	6.209424657534247 	0.6854506154182962 	0.6415662136109384 	
-5.147513434294089 	6.234016438356165 	0.7964732261648674 	0.7516455764024945 	
-5.137508549096238 	6.258608219178083 	0.8989549894250709 	0.8597988451260566 	
-5.127503663898388 	6.2832 	0.9728771440912024 	0.9475194008000121 	
-5.117498778700537 	- 	- 	- 	
-5.107493893502687 	- 	- 	- 	
-5.097489008304836 	- 	- 	- 	
-5.087484123106986 	- 	- 	- 	
-5.077479237909135 	- 	- 	- 	
-5.067474352711285 	- 	- 	- 	
-5.057469467513434 	- 	- 	- 	
-5.047464582315584 	- 	- 	- 	
-5.0374596971177334 	- 	- 	- 	
-5.027454811919883 	- 	- 	- 	
-5.0174499267220325 	- 	- 	- 	
-5.007445041524182 	- 	- 	- 	
-4.9974401563263315 	- 	- 	- 	
-4.98743527112848 	- 	- 	- 	
-4.97743038593063 	- 	- 	- 	
-4.967425500732779 	- 	- 	- 	
-4.957420615534929 	- 	- 	- 	
-4.947415730337078 	- 	- 	- 	
-4.937410845139228 	- 	- 	- 	
-4.927405959941377 	- 	- 	- 	
-4.917401074743527 	- 	- 	- 	
-4.907396189545676 	- 	- 	- 	
-4.897391304347826 	- 	- 	- 	
-4.887386419149975 	- 	- 	- 	
-4.877381533952125 	- 	- 	- 	
-4.8673766487542744 	- 	- 	- 	
-4.857371763556424 	- 	- 	- 	
-4.8473668783585735 	- 	- 	- 	
-4.837361993160723 	- 	- 	- 	
-4.8273571079628725 	- 	- 	- 	
-4.817352222765022 	- 	- 	- 	
-4.807347337567172 	- 	- 	- 	
-4.797342452369321 	- 	- 	- 	
-4.787337567171471 	- 	- 	- 	
-4.77733268197362 	- 	- 	- 	
-4.76732779677577 	- 	- 	- 	
-4.757322911577919 	- 	- 	- 	
-4.747318026380068 	- 	- 	- 	
-4.737313141182217 	- 	- 	- 	
-4.727308255984367 	- 	- 	- 	
-4.717303370786516 	- 	- 	- 	
-4.707298485588666 	- 	- 	- 	
-4.6972936003908154 	- 	- 	- 	
-4.687288715192965 	- 	- 	- 	
-4.6772838299951145 	- 	- 	- 	
-4.667278944797264 	- 	- 	- 	
-4.6572740595994135 	- 	- 	- 	
-4.647269174401563 	- 	- 	- 	
-4.637264289203713 	- 	- 	- 	
-4.627259404005862 	- 	- 	- 	
-4.617254518808012 	- 	- 	- 	
-4.607249633610161 	- 	- 	- 	
-4.597244748412311 	- 	- 	- 	
-4.58723986321446 	- 	- 	- 	
-4.57723497801661 	- 	- 	- 	
-4.567230092818759 	- 	- 	- 	
-4.557225207620909 	- 	- 	- 	
-4.547220322423058 	- 	- 	- 	
-4.537215437225208 	- 	- 	- 	
-4.527210552027357 	- 	- 	- 	
-4.517205666829507 	- 	- 	- 	
-4.5072007816316555 	- 	- 	- 	
-4.497195896433805 	- 	- 	- 	
-4.4871910112359545 	- 	- 	- 	
-4.477186126038104 	- 	- 	- 	
-4.467181240840254 	- 	- 	- 	
-4.457176355642403 	- 	- 	- 	
-4.447171470444553 	- 	- 	- 	
-4.437166585246702 	- 	- 	- 	
-4.427161700048852 	- 	- 	- 	
-4.417156814851001 	- 	- 	- 	
-4.407151929653151 	- 	- 	- 	
-4.3971470444553 	- 	- 	- 	
-4.38714215925745 	- 	- 	- 	
-4.377137274059599 	- 	- 	- 	
-4.367132388861749 	- 	- 	- 	
-4.357127503663898 	- 	- 	- 	
-4.347122618466048 	- 	- 	- 	
-4.337117733268197 	- 	- 	- 	
-4.327112848070347 	- 	- 	- 	
-4.317107962872496 	- 	- 	- 	
-4.307103077674646 	- 	- 	- 	
-4.2970981924767955 	- 	- 	- 	
-4.287093307278945 	- 	- 	- 	
-4.2770884220810945 	- 	- 	- 	
-4.267083536883244 	- 	- 	- 	
-4.257078651685393 	- 	- 	- 	
-4.247073766487542 	- 	- 	- 	
-4.237068881289692 	- 	- 	- 	
-4.227063996091841 	- 	- 	- 	
-4.217059110893991 	- 	- 	- 	
-4.20705422569614 	- 	- 	- 	
-4.19704934049829 	- 	- 	- 	
-4.187044455300439 	- 	- 	- 	
-4.177039570102589 	- 	- 	- 	
-4.167034684904738 	- 	- 	- 	
-4.157029799706888 	- 	- 	- 	
-4.147024914509037 	- 	- 	- 	
-4.137020029311187 	- 	- 	- 	
-4.1270151441133365 	- 	- 	- 	
-4.117010258915486 	- 	- 	- 	
-4.1070053737176355 	- 	- 	- 	
-4.097000488519785 	- 	- 	- 	
-4.086995603321935 	- 	- 	- 	
-4.076990718124084 	- 	- 	- 	
-4.066985832926234 	- 	- 	- 	
-4.056980947728383 	- 	- 	- 	
-4.046976062530533 	- 	- 	- 	
-4.036971177332682 	- 	- 	- 	
-4.026966292134832 	- 	- 	- 	
-4.01696140693698 	- 	- 	- 	
-4.00695652173913 	- 	- 	- 	
-3.9969516365412794 	- 	- 	- 	
-3.986946751343429 	- 	- 	- 	
-3.9769418661455784 	- 	- 	- 	
-3.966936980947728 	- 	- 	- 	
-3.9569320957498775 	- 	- 	- 	
-3.946927210552027 	- 	- 	- 	
-3.9369223253541765 	- 	- 	- 	
-3.926917440156326 	- 	- 	- 	
-3.9169125549584756 	- 	- 	- 	
-3.906907669760625 	- 	- 	- 	
-3.8969027845627746 	- 	- 	- 	
-3.886897899364924 	- 	- 	- 	
-3.8768930141670737 	- 	- 	- 	
-3.866888128969223 	- 	- 	- 	
-3.8568832437713727 	- 	- 	- 	
-3.8468783585735222 	- 	- 	- 	
-3.8368734733756718 	- 	- 	- 	
-3.8268685881778213 	- 	- 	- 	
-3.816863702979971 	- 	- 	- 	
-3.8068588177821203 	- 	- 	- 	
-3.79685393258427 	- 	- 	- 	
-3.7868490473864194 	- 	- 	- 	
-3.776844162188569 	- 	- 	- 	
-3.7668392769907175 	- 	- 	- 	
-3.756834391792867 	- 	- 	- 	
-3.7468295065950166 	- 	- 	- 	
-3.736824621397166 	- 	- 	- 	
-3.7268197361993156 	- 	- 	- 	
-3.716814851001465 	- 	- 	- 	
-3.7068099658036147 	- 	- 	- 	
-3.696805080605764 	- 	- 	- 	
-3.6868001954079137 	- 	- 	- 	
-3.6767953102100632 	- 	- 	- 	
-3.6667904250122128 	- 	- 	- 	
-3.6567855398143623 	- 	- 	- 	
-3.646780654616512 	- 	- 	- 	
-3.6367757694186613 	- 	- 	- 	
-3.626770884220811 	- 	- 	- 	
-3.6167659990229604 	- 	- 	- 	
-3.60676111382511 	- 	- 	- 	
-3.5967562286272594 	- 	- 	- 	
-3.586751343429409 	- 	- 	- 	
-3.5767464582315585 	- 	- 	- 	
-3.566741573033708 	- 	- 	- 	
-3.5567366878358575 	- 	- 	- 	
-3.546731802638007 	- 	- 	- 	
-3.5367269174401565 	- 	- 	- 	
-3.526722032242305 	- 	- 	- 	
-3.5167171470444547 	- 	- 	- 	
-3.5067122618466042 	- 	- 	- 	
-3.4967073766487538 	- 	- 	- 	
-3.4867024914509033 	- 	- 	- 	
-3.476697606253053 	- 	- 	- 	
-3.4666927210552023 	- 	- 	- 	
-3.456687835857352 	- 	- 	- 	
-3.4466829506595014 	- 	- 	- 	
-3.436678065461651 	- 	- 	- 	
-3.4266731802638004 	- 	- 	- 	
-3.41666829506595 	- 	- 	- 	
-3.4066634098680995 	- 	- 	- 	
-3.396658524670249 	- 	- 	- 	
-3.3866536394723985 	- 	- 	- 	
-3.376648754274548 	- 	- 	- 	
-3.3666438690766975 	- 	- 	- 	
-3.356638983878847 	- 	- 	- 	
-3.3466340986809966 	- 	- 	- 	
-3.336629213483146 	- 	- 	- 	
-3.3266243282852956 	- 	- 	- 	
-3.316619443087445 	- 	- 	- 	
-3.3066145578895947 	- 	- 	- 	
-3.296609672691744 	- 	- 	- 	
-3.286604787493893 	- 	- 	- 	
-3.2765999022960424 	- 	- 	- 	
-3.266595017098192 	- 	- 	- 	
-3.2565901319003414 	- 	- 	- 	
-3.246585246702491 	- 	- 	- 	
-3.2365803615046405 	- 	- 	- 	
-3.22657547630679 	- 	- 	- 	
-3.2165705911089395 	- 	- 	- 	
-3.206565705911089 	- 	- 	- 	
-3.1965608207132385 	- 	- 	- 	
-3.186555935515388 	- 	- 	- 	
-3.1765510503175376 	- 	- 	- 	
-3.166546165119687 	- 	- 	- 	
-3.1565412799218366 	- 	- 	- 	
-3.146536394723986 	- 	- 	- 	
-3.1365315095261357 	- 	- 	- 	
-3.126526624328285 	- 	- 	- 	
-3.1165217391304347 	- 	- 	- 	
-3.1065168539325843 	- 	- 	- 	
-3.0965119687347338 	- 	- 	- 	
-3.0865070835368833 	- 	- 	- 	
-3.076502198339033 	- 	- 	- 	
-3.0664973131411823 	- 	- 	- 	
-3.056492427943332 	- 	- 	- 	
-3.0464875427454814 	- 	- 	- 	
-3.03648265754763 	- 	- 	- 	
-3.0264777723497795 	- 	- 	- 	
-3.016472887151929 	- 	- 	- 	
-3.0064680019540786 	- 	- 	- 	
-2.996463116756228 	- 	- 	- 	
-2.9864582315583776 	- 	- 	- 	
-2.976453346360527 	- 	- 	- 	
-2.9664484611626767 	- 	- 	- 	
-2.956443575964826 	- 	- 	- 	
-2.9464386907669757 	- 	- 	- 	
-2.9364338055691253 	- 	- 	- 	
-2.9264289203712748 	- 	- 	- 	
-2.9164240351734243 	- 	- 	- 	
-2.906419149975574 	- 	- 	- 	
-2.8964142647777233 	- 	- 	- 	
-2.886409379579873 	- 	- 	- 	
-2.8764044943820224 	- 	- 	- 	
-2.866399609184172 	- 	- 	- 	
-2.8563947239863214 	- 	- 	- 	
-2.846389838788471 	- 	- 	- 	
-2.8363849535906205 	- 	- 	- 	
-2.82638006839277 	- 	- 	- 	
-2.8163751831949195 	- 	- 	- 	
-2.806370297997069 	- 	- 	- 	
-2.7963654127992177 	- 	- 	- 	
-2.786360527601367 	- 	- 	- 	
-2.7763556424035167 	- 	- 	- 	
-2.7663507572056663 	- 	- 	- 	
-2.756345872007816 	- 	- 	- 	
-2.7463409868099653 	- 	- 	- 	
-2.736336101612115 	- 	- 	- 	
-2.7263312164142643 	- 	- 	- 	
-2.716326331216414 	- 	- 	- 	
-2.7063214460185634 	- 	- 	- 	
-2.696316560820713 	- 	- 	- 	
-2.6863116756228624 	- 	- 	- 	
-2.676306790425012 	- 	- 	- 	
-2.6663019052271615 	- 	- 	- 	
-2.656297020029311 	- 	- 	- 	
-2.6462921348314605 	- 	- 	- 	
-2.63628724963361 	- 	- 	- 	
-2.6262823644357596 	- 	- 	- 	
-2.616277479237909 	- 	- 	- 	
-2.6062725940400586 	- 	- 	- 	
-2.596267708842208 	- 	- 	- 	
-2.5862628236443577 	- 	- 	- 	
-2.576257938446507 	- 	- 	- 	
-2.5662530532486567 	- 	- 	- 	
-2.5562481680508053 	- 	- 	- 	
-2.546243282852955 	- 	- 	- 	
-2.5362383976551044 	- 	- 	- 	
-2.526233512457254 	- 	- 	- 	
-2.5162286272594034 	- 	- 	- 	
-2.506223742061553 	- 	- 	- 	
-2.4962188568637025 	- 	- 	- 	
-2.486213971665852 	- 	- 	- 	
-2.4762090864680015 	- 	- 	- 	
-2.466204201270151 	- 	- 	- 	
-2.4561993160723006 	- 	- 	- 	
-2.44619443087445 	- 	- 	- 	
-2.4361895456765996 	- 	- 	- 	
-2.426184660478749 	- 	- 	- 	
-2.4161797752808987 	- 	- 	- 	
-2.406174890083048 	- 	- 	- 	
-2.3961700048851977 	- 	- 	- 	
-2.3861651196873472 	- 	- 	- 	
-2.3761602344894968 	- 	- 	- 	
-2.3661553492916463 	- 	- 	- 	
-2.356150464093796 	- 	- 	- 	
-2.3461455788959453 	- 	- 	- 	
-2.336140693698095 	- 	- 	- 	
-2.3261358085002444 	- 	- 	- 	
-2.316130923302394 	- 	- 	- 	
-2.3061260381045425 	- 	- 	- 	
-2.296121152906692 	- 	- 	- 	
-2.2861162677088416 	- 	- 	- 	
-2.276111382510991 	- 	- 	- 	
-2.2661064973131406 	- 	- 	- 	
-2.25610161211529 	- 	- 	- 	
-2.2460967269174397 	- 	- 	- 	
-2.23609184171959 	- 	- 	- 	
-2.2260869565217387 	- 	- 	- 	
-2.216082071323889 	- 	- 	- 	
-2.2060771861260378 	- 	- 	- 	
-2.196072300928188 	- 	- 	- 	
-2.186067415730337 	- 	- 	- 	
-2.1760625305324854 	- 	- 	- 	
-2.166057645334636 	- 	- 	- 	
-2.1560527601367845 	- 	- 	- 	
-2.146047874938935 	- 	- 	- 	
-2.1360429897410835 	- 	- 	- 	
-2.126038104543234 	- 	- 	- 	
-2.1160332193453826 	- 	- 	- 	
-2.106028334147533 	- 	- 	- 	
-2.0960234489496816 	- 	- 	- 	
-2.086018563751832 	- 	- 	- 	
-2.0760136785539807 	- 	- 	- 	
-2.066008793356131 	- 	- 	- 	
-2.0560039081582797 	- 	- 	- 	
-2.04599902296043 	- 	- 	- 	
-2.0359941377625788 	- 	- 	- 	
-2.025989252564729 	- 	- 	- 	
-2.015984367366878 	- 	- 	- 	
-2.005979482169028 	- 	- 	- 	
-1.9959745969711769 	- 	- 	- 	
-1.9859697117733273 	- 	- 	- 	
-1.975964826575476 	- 	- 	- 	
-1.9659599413776263 	- 	- 	- 	
-1.955955056179775 	- 	- 	- 	
-1.9459501709819236 	- 	- 	- 	
-1.935945285784074 	- 	- 	- 	
-1.9259404005862226 	- 	- 	- 	
-1.915935515388373 	- 	- 	- 	
-1.9059306301905217 	- 	- 	- 	
-1.895925744992672 	- 	- 	- 	
-1.8859208597948207 	- 	- 	- 	
-1.8759159745969711 	- 	- 	- 	
-1.8659110893991198 	- 	- 	- 	
-1.8559062042012702 	- 	- 	- 	
-1.8459013190034188 	- 	- 	- 	
-1.8358964338055692 	- 	- 	- 	
-1.8258915486077179 	- 	- 	- 	
-1.8158866634098683 	- 	- 	- 	
-1.805881778212017 	- 	- 	- 	
-1.7958768930141673 	- 	- 	- 	
-1.785872007816316 	- 	- 	- 	
-1.7758671226184664 	- 	- 	- 	
-1.765862237420615 	- 	- 	- 	
-1.7558573522227654 	- 	- 	- 	
-1.745852467024914 	- 	- 	- 	
-1.7358475818270644 	- 	- 	- 	
-1.725842696629213 	- 	- 	- 	
-1.7158378114313635 	- 	- 	- 	
-1.7058329262335121 	- 	- 	- 	
-1.6958280410356608 	- 	- 	- 	
-1.6858231558378112 	- 	- 	- 	
-1.6758182706399598 	- 	- 	- 	
-1.6658133854421102 	- 	- 	- 	
-1.6558085002442589 	- 	- 	- 	
-1.6458036150464093 	- 	- 	- 	
-1.635798729848558 	- 	- 	- 	
-1.6257938446507083 	- 	- 	- 	
-1.615788959452857 	- 	- 	- 	
-1.6057840742550074 	- 	- 	- 	
-1.595779189057156 	- 	- 	- 	
-1.5857743038593064 	- 	- 	- 	
-1.575769418661455 	- 	- 	- 	
-1.5657645334636054 	- 	- 	- 	
-1.555759648265754 	- 	- 	- 	
-1.5457547630679045 	- 	- 	- 	
-1.5357498778700531 	- 	- 	- 	
-1.5257449926722035 	- 	- 	- 	
-1.5157401074743522 	- 	- 	- 	
-1.5057352222765026 	- 	- 	- 	
-1.4957303370786512 	- 	- 	- 	
-1.4857254518808016 	- 	- 	- 	
-1.4757205666829503 	- 	- 	- 	
-1.4657156814851007 	- 	- 	- 	
-1.4557107962872493 	- 	- 	- 	
-1.445705911089398 	- 	- 	- 	
-1.4357010258915484 	- 	- 	- 	
-1.425696140693697 	- 	- 	- 	
-1.4156912554958474 	- 	- 	- 	
-1.405686370297996 	- 	- 	- 	
-1.3956814851001464 	- 	- 	- 	
-1.385676599902295 	- 	- 	- 	
-1.3756717147044455 	- 	- 	- 	
-1.3656668295065941 	- 	- 	- 	
-1.3556619443087445 	- 	- 	- 	
-1.3456570591108932 	- 	- 	- 	
-1.3356521739130436 	- 	- 	- 	
-1.3256472887151922 	- 	- 	- 	
-1.3156424035173426 	- 	- 	- 	
-1.3056375183194913 	- 	- 	- 	
-1.2956326331216417 	- 	- 	- 	
-1.2856277479237903 	- 	- 	- 	
-1.2756228627259407 	- 	- 	- 	
-1.2656179775280894 	- 	- 	- 	
-1.2556130923302398 	- 	- 	- 	
-1.2456082071323884 	- 	- 	- 	
-1.2356033219345388 	- 	- 	- 	
-1.2255984367366874 	- 	- 	- 	
-1.2155935515388379 	- 	- 	- 	
-1.2055886663409865 	- 	- 	- 	
-1.1955837811431351 	- 	- 	- 	
-1.1855788959452855 	- 	- 	- 	
-1.1755740107474342 	- 	- 	- 	
-1.1655691255495846 	- 	- 	- 	
-1.1555642403517332 	- 	- 	- 	
-1.1455593551538836 	- 	- 	- 	
-1.1355544699560323 	- 	- 	- 	
-1.1255495847581827 	- 	- 	- 	
-1.1155446995603313 	- 	- 	- 	
-1.1055398143624817 	- 	- 	- 	
-1.0955349291646304 	- 	- 	- 	
-1.0855300439667808 	- 	- 	- 	
-1.0755251587689294 	- 	- 	- 	
-1.0655202735710798 	- 	- 	- 	
-1.0555153883732284 	- 	- 	- 	
-1.0455105031753789 	- 	- 	- 	
-1.0355056179775275 	- 	- 	- 	
-1.025500732779678 	- 	- 	- 	
-1.0154958475818265 	- 	- 	- 	
-1.005490962383977 	- 	- 	- 	
-0.9954860771861256 	- 	- 	- 	
-0.985481191988276 	- 	- 	- 	
-0.9754763067904246 	- 	- 	- 	
-0.9654714215925733 	- 	- 	- 	
-0.9554665363947237 	- 	- 	- 	
-0.9454616511968723 	- 	- 	- 	
-0.9354567659990227 	- 	- 	- 	
-0.9254518808011714 	- 	- 	- 	
-0.9154469956033218 	- 	- 	- 	
-0.9054421104054704 	- 	- 	- 	
-0.8954372252076208 	- 	- 	- 	
-0.8854323400097694 	- 	- 	- 	
-0.8754274548119199 	- 	- 	- 	
-0.8654225696140685 	- 	- 	- 	
-0.8554176844162189 	- 	- 	- 	
-0.8454127992183675 	- 	- 	- 	
-0.835407914020518 	- 	- 	- 	
-0.8254030288226666 	- 	- 	- 	
-0.815398143624817 	- 	- 	- 	
-0.8053932584269656 	- 	- 	- 	
-0.795388373229116 	- 	- 	- 	
-0.7853834880312647 	- 	- 	- 	
-0.7753786028334151 	- 	- 	- 	
-0.7653737176355637 	- 	- 	- 	
-0.7553688324377141 	- 	- 	- 	
-0.7453639472398628 	- 	- 	- 	
-0.7353590620420132 	- 	- 	- 	
-0.7253541768441618 	- 	- 	- 	
-0.7153492916463104 	- 	- 	- 	
-0.7053444064484609 	- 	- 	- 	
-0.6953395212506095 	- 	- 	- 	
-0.6853346360527599 	- 	- 	- 	
-0.6753297508549085 	- 	- 	- 	
-0.665324865657059 	- 	- 	- 	
-0.6553199804592076 	- 	- 	- 	
-0.645315095261358 	- 	- 	- 	
-0.6353102100635066 	- 	- 	- 	
-0.625305324865657 	- 	- 	- 	
-0.6153004396678057 	- 	- 	- 	
-0.6052955544699561 	- 	- 	- 	
-0.5952906692721047 	- 	- 	- 	
-0.5852857840742551 	- 	- 	- 	
-0.5752808988764038 	- 	- 	- 	
-0.5652760136785542 	- 	- 	- 	
-0.5552711284807028 	- 	- 	- 	
-0.5452662432828532 	- 	- 	- 	
-0.5352613580850019 	- 	- 	- 	
-0.5252564728871523 	- 	- 	- 	
-0.5152515876893009 	- 	- 	- 	
-0.5052467024914513 	- 	- 	- 	
-0.49524181729359995 	- 	- 	- 	
-0.48523693209575036 	- 	- 	- 	
-0.475232046897899 	- 	- 	- 	
-0.46522716170004763 	- 	- 	- 	
-0.45522227650219804 	- 	- 	- 	
-0.4452173913043467 	- 	- 	- 	
-0.4352125061064971 	- 	- 	- 	
-0.4252076209086457 	- 	- 	- 	
-0.41520273571079613 	- 	- 	- 	
-0.40519785051294477 	- 	- 	- 	
-0.3951929653150952 	- 	- 	- 	
-0.3851880801172438 	- 	- 	- 	
-0.3751831949193942 	- 	- 	- 	
-0.36517830972154286 	- 	- 	- 	
-0.35517342452369327 	- 	- 	- 	
-0.3451685393258419 	- 	- 	- 	
-0.3351636541279923 	- 	- 	- 	
-0.32515876893014095 	- 	- 	- 	
-0.31515388373229136 	- 	- 	- 	
-0.30514899853444 	- 	- 	- 	
-0.2951441133365904 	- 	- 	- 	
-0.28513922813873904 	- 	- 	- 	
-0.27513434294088945 	- 	- 	- 	
-0.2651294577430381 	- 	- 	- 	
-0.2551245725451885 	- 	- 	- 	
-0.24511968734733713 	- 	- 	- 	
-0.23511480214948577 	- 	- 	- 	
-0.22510991695163618 	- 	- 	- 	
-0.21510503175378481 	- 	- 	- 	
-0.20510014655593523 	- 	- 	- 	
-0.19509526135808386 	- 	- 	- 	
-0.18509037616023427 	- 	- 	- 	
-0.1750854909623829 	- 	- 	- 	
-0.16508060576453332 	- 	- 	- 	
-0.15507572056668195 	- 	- 	- 	
-0.14507083536883236 	- 	- 	- 	
-0.135065950170981 	- 	- 	- 	
-0.1250610649731314 	- 	- 	- 	
-0.11505617977528004 	- 	- 	- 	
-0.10505129457743045 	- 	- 	- 	
-0.09504640937957909 	- 	- 	- 	
-0.0850415241817295 	- 	- 	- 	
-0.07503663898387813 	- 	- 	- 	
-0.06503175378602855 	- 	- 	- 	
-0.05502686858817718 	- 	- 	- 	
-0.04502198339032759 	- 	- 	- 	
-0.035017098192476226 	- 	- 	- 	
-0.025012212994626637 	- 	- 	- 	
-0.015007327796775272 	- 	- 	- 	
-0.005002442598925683 	- 	- 	- 	
0.005002442598925683 	- 	- 	- 	
0.015007327796777048 	- 	- 	- 	
0.025012212994626637 	- 	- 	- 	
0.035017098192478 	- 	- 	- 	
0.04502198339032759 	- 	- 	- 	
0.05502686858817896 	- 	- 	- 	
0.06503175378602855 	- 	- 	- 	
0.07503663898387991 	- 	- 	- 	
0.0850415241817295 	- 	- 	- 	
0.09504640937958087 	- 	- 	- 	
0.10505129457743045 	- 	- 	- 	
0.11505617977528182 	- 	- 	- 	
0.1250610649731314 	- 	- 	- 	
0.13506595017098277 	- 	- 	- 	
0.14507083536883236 	- 	- 	- 	
0.15507572056668373 	- 	- 	- 	
0.16508060576453332 	- 	- 	- 	
0.17508549096238468 	- 	- 	- 	
0.18509037616023427 	- 	- 	- 	
0.19509526135808564 	- 	- 	- 	
0.20510014655593523 	- 	- 	- 	
0.2151050317537866 	- 	- 	- 	
0.22510991695163618 	- 	- 	- 	
0.23511480214948755 	- 	- 	- 	
0.24511968734733713 	- 	- 	- 	
0.2551245725451885 	- 	- 	- 	
0.26512945774303986 	- 	- 	- 	
0.27513434294088945 	- 	- 	- 	
0.2851392281387408 	- 	- 	- 	
0.2951441133365904 	- 	- 	- 	
0.3051489985344418 	- 	- 	- 	
0.31515388373229136 	- 	- 	- 	
0.3251587689301427 	- 	- 	- 	
0.3351636541279923 	- 	- 	- 	
0.3451685393258437 	- 	- 	- 	
0.35517342452369327 	- 	- 	- 	
0.36517830972154464 	- 	- 	- 	
0.3751831949193942 	- 	- 	- 	
0.3851880801172456 	- 	- 	- 	
0.3951929653150952 	- 	- 	- 	
0.40519785051294654 	- 	- 	- 	
0.41520273571079613 	- 	- 	- 	
0.4252076209086475 	- 	- 	- 	
0.4352125061064971 	- 	- 	- 	
0.44521739130434845 	- 	- 	- 	
0.45522227650219804 	- 	- 	- 	
0.4652271617000494 	- 	- 	- 	
0.475232046897899 	- 	- 	- 	
0.48523693209575036 	- 	- 	- 	
0.4952418172936017 	- 	- 	- 	
0.5052467024914513 	- 	- 	- 	
0.5152515876893027 	- 	- 	- 	
0.5252564728871523 	- 	- 	- 	
0.5352613580850036 	- 	- 	- 	
0.5452662432828532 	- 	- 	- 	
0.5552711284807046 	- 	- 	- 	
0.5652760136785542 	- 	- 	- 	
0.5752808988764055 	- 	- 	- 	
0.5852857840742551 	- 	- 	- 	
0.5952906692721065 	- 	- 	- 	
0.6052955544699561 	- 	- 	- 	
0.6153004396678075 	- 	- 	- 	
0.625305324865657 	- 	- 	- 	
0.6353102100635084 	- 	- 	- 	
0.645315095261358 	- 	- 	- 	
0.6553199804592094 	- 	- 	- 	
0.665324865657059 	- 	- 	- 	
0.6753297508549103 	- 	- 	- 	
0.6853346360527599 	- 	- 	- 	
0.6953395212506113 	- 	- 	- 	
0.7053444064484609 	- 	- 	- 	
0.7153492916463122 	- 	- 	- 	
0.7253541768441618 	- 	- 	- 	
0.7353590620420132 	- 	- 	- 	
0.7453639472398645 	- 	- 	- 	
0.7553688324377141 	- 	- 	- 	
0.7653737176355655 	- 	- 	- 	
0.7753786028334151 	- 	- 	- 	
0.7853834880312665 	- 	- 	- 	
0.795388373229116 	- 	- 	- 	
0.8053932584269674 	- 	- 	- 	
0.815398143624817 	- 	- 	- 	
0.8254030288226684 	- 	- 	- 	
0.835407914020518 	- 	- 	- 	
0.8454127992183693 	- 	- 	- 	
0.8554176844162189 	- 	- 	- 	
0.8654225696140703 	- 	- 	- 	
0.8754274548119199 	- 	- 	- 	
0.8854323400097712 	- 	- 	- 	
0.8954372252076208 	- 	- 	- 	
0.9054421104054722 	- 	- 	- 	
0.9154469956033218 	- 	- 	- 	
0.9254518808011731 	- 	- 	- 	
0.9354567659990227 	- 	- 	- 	
0.9454616511968741 	- 	- 	- 	
0.9554665363947237 	- 	- 	- 	
0.965471421592575 	- 	- 	- 	
0.9754763067904246 	- 	- 	- 	
0.985481191988276 	- 	- 	- 	
0.9954860771861274 	- 	- 	- 	
1.005490962383977 	- 	- 	- 	
1.0154958475818283 	- 	- 	- 	
1.025500732779678 	- 	- 	- 	
1.0355056179775293 	- 	- 	- 	
1.0455105031753789 	- 	- 	- 	
1.0555153883732302 	- 	- 	- 	
1.0655202735710798 	- 	- 	- 	
1.0755251587689312 	- 	- 	- 	
1.0855300439667808 	- 	- 	- 	
1.0955349291646321 	- 	- 	- 	
1.1055398143624817 	- 	- 	- 	
1.115544699560333 	- 	- 	- 	
1.1255495847581827 	- 	- 	- 	
1.135554469956034 	- 	- 	- 	
1.1455593551538836 	- 	- 	- 	
1.155564240351735 	- 	- 	- 	
1.1655691255495846 	- 	- 	- 	
1.175574010747436 	- 	- 	- 	
1.1855788959452855 	- 	- 	- 	
1.195583781143137 	- 	- 	- 	
1.2055886663409865 	- 	- 	- 	
1.2155935515388379 	- 	- 	- 	
1.2255984367366892 	- 	- 	- 	
1.2356033219345388 	- 	- 	- 	
1.2456082071323902 	- 	- 	- 	
1.2556130923302398 	- 	- 	- 	
1.2656179775280911 	- 	- 	- 	
1.2756228627259407 	- 	- 	- 	
1.285627747923792 	- 	- 	- 	
1.2956326331216417 	- 	- 	- 	
1.305637518319493 	- 	- 	- 	
1.3156424035173426 	- 	- 	- 	
1.325647288715194 	- 	- 	- 	
1.3356521739130436 	- 	- 	- 	
1.345657059110895 	- 	- 	- 	
1.3556619443087445 	- 	- 	- 	
1.365666829506596 	- 	- 	- 	
1.3756717147044455 	- 	- 	- 	
1.3856765999022969 	- 	- 	- 	
1.3956814851001464 	- 	- 	- 	
1.4056863702979978 	- 	- 	- 	
1.4156912554958474 	- 	- 	- 	
1.4256961406936988 	- 	- 	- 	
1.4357010258915484 	- 	- 	- 	
1.4457059110893997 	- 	- 	- 	
1.4557107962872493 	- 	- 	- 	
1.4657156814851007 	- 	- 	- 	
1.475720566682952 	- 	- 	- 	
1.4857254518808016 	- 	- 	- 	
1.495730337078653 	- 	- 	- 	
1.5057352222765026 	- 	- 	- 	
1.515740107474354 	- 	- 	- 	
1.5257449926722035 	- 	- 	- 	
1.535749877870055 	- 	- 	- 	
1.5457547630679045 	- 	- 	- 	
1.5557596482657559 	- 	- 	- 	
1.5657645334636054 	- 	- 	- 	
1.5757694186614568 	- 	- 	- 	
1.5857743038593064 	- 	- 	- 	
1.5957791890571578 	- 	- 	- 	
1.6057840742550074 	- 	- 	- 	
1.6157889594528587 	- 	- 	- 	
1.6257938446507083 	- 	- 	- 	
1.6357987298485597 	- 	- 	- 	
1.6458036150464093 	- 	- 	- 	
1.6558085002442606 	- 	- 	- 	
1.6658133854421102 	- 	- 	- 	
1.6758182706399616 	- 	- 	- 	
1.6858231558378112 	- 	- 	- 	
1.6958280410356625 	- 	- 	- 	
1.7058329262335121 	- 	- 	- 	
1.7158378114313635 	- 	- 	- 	
1.7258426966292149 	- 	- 	- 	
1.7358475818270644 	- 	- 	- 	
1.7458524670249158 	- 	- 	- 	
1.7558573522227654 	- 	- 	- 	
1.7658622374206168 	- 	- 	- 	
1.7758671226184664 	- 	- 	- 	
1.7858720078163177 	- 	- 	- 	
1.7958768930141673 	- 	- 	- 	
1.8058817782120187 	- 	- 	- 	
1.8158866634098683 	- 	- 	- 	
1.8258915486077196 	- 	- 	- 	
1.8358964338055692 	- 	- 	- 	
1.8459013190034206 	- 	- 	- 	
1.8559062042012702 	- 	- 	- 	
1.8659110893991215 	- 	- 	- 	
1.8759159745969711 	- 	- 	- 	
1.8859208597948225 	- 	- 	- 	
1.895925744992672 	- 	- 	- 	
1.9059306301905234 	- 	- 	- 	
1.915935515388373 	- 	- 	- 	
1.9259404005862244 	- 	- 	- 	
1.935945285784074 	- 	- 	- 	
1.9459501709819254 	- 	- 	- 	
1.955955056179775 	- 	- 	- 	
1.9659599413776263 	- 	- 	- 	
1.9759648265754777 	- 	- 	- 	
1.9859697117733273 	- 	- 	- 	
1.9959745969711786 	- 	- 	- 	
2.005979482169028 	- 	- 	- 	
2.0159843673668796 	- 	- 	- 	
2.025989252564729 	- 	- 	- 	
2.0359941377625805 	- 	- 	- 	
2.04599902296043 	- 	- 	- 	
2.0560039081582815 	- 	- 	- 	
2.066008793356131 	- 	- 	- 	
2.0760136785539824 	- 	- 	- 	
2.086018563751832 	- 	- 	- 	
2.0960234489496834 	- 	- 	- 	
2.106028334147533 	- 	- 	- 	
2.1160332193453844 	- 	- 	- 	
2.126038104543234 	- 	- 	- 	
2.1360429897410853 	- 	- 	- 	
2.146047874938935 	- 	- 	- 	
2.1560527601367863 	- 	- 	- 	
2.166057645334636 	- 	- 	- 	
2.176062530532487 	- 	- 	- 	
2.186067415730337 	- 	- 	- 	
2.196072300928188 	- 	- 	- 	
2.2060771861260395 	- 	- 	- 	
2.216082071323889 	- 	- 	- 	
2.2260869565217405 	- 	- 	- 	
2.23609184171959 	- 	- 	- 	
2.2460967269174414 	- 	- 	- 	
2.256101612115291 	- 	- 	- 	
2.2661064973131424 	- 	- 	- 	
2.276111382510992 	- 	- 	- 	
2.2861162677088434 	- 	- 	- 	
2.296121152906693 	- 	- 	- 	
2.3061260381045443 	- 	- 	- 	
2.316130923302394 	- 	- 	- 	
2.3261358085002453 	- 	- 	- 	
2.336140693698095 	- 	- 	- 	
2.346145578895946 	- 	- 	- 	
2.356150464093796 	- 	- 	- 	
2.366155349291647 	- 	- 	- 	
2.3761602344894968 	- 	- 	- 	
2.386165119687348 	- 	- 	- 	
2.3961700048851977 	- 	- 	- 	
2.406174890083049 	- 	- 	- 	
2.4161797752808987 	- 	- 	- 	
2.42618466047875 	- 	- 	- 	
2.4361895456765996 	- 	- 	- 	
2.446194430874451 	- 	- 	- 	
2.4561993160723024 	- 	- 	- 	
2.466204201270152 	- 	- 	- 	
2.4762090864680033 	- 	- 	- 	
2.486213971665853 	- 	- 	- 	
2.4962188568637043 	- 	- 	- 	
2.506223742061554 	- 	- 	- 	
2.516228627259405 	- 	- 	- 	
2.526233512457255 	- 	- 	- 	
2.536238397655106 	- 	- 	- 	
2.5462432828529558 	- 	- 	- 	
2.556248168050807 	- 	- 	- 	
2.5662530532486567 	- 	- 	- 	
2.576257938446508 	- 	- 	- 	
2.5862628236443577 	- 	- 	- 	
2.596267708842209 	- 	- 	- 	
2.6062725940400586 	- 	- 	- 	
2.61627747923791 	- 	- 	- 	
2.6262823644357596 	- 	- 	- 	
2.636287249633611 	- 	- 	- 	
2.6462921348314605 	- 	- 	- 	
2.656297020029312 	- 	- 	- 	
2.6663019052271615 	- 	- 	- 	
2.676306790425013 	- 	- 	- 	
2.6863116756228624 	- 	- 	- 	
2.696316560820714 	- 	- 	- 	
2.706321446018565 	- 	- 	- 	
2.7163263312164148 	- 	- 	- 	
2.726331216414266 	- 	- 	- 	
2.7363361016121157 	- 	- 	- 	
2.746340986809967 	- 	- 	- 	
2.7563458720078167 	- 	- 	- 	
2.766350757205668 	- 	- 	- 	
2.7763556424035176 	- 	- 	- 	
2.786360527601369 	- 	- 	- 	
2.7963654127992186 	- 	- 	- 	
2.80637029799707 	- 	- 	- 	
2.8163751831949195 	- 	- 	- 	
2.826380068392771 	- 	- 	- 	
2.8363849535906205 	- 	- 	- 	
2.846389838788472 	- 	- 	- 	
2.8563947239863214 	- 	- 	- 	
2.866399609184173 	- 	- 	- 	
2.8764044943820224 	- 	- 	- 	
2.8864093795798738 	- 	- 	- 	
2.8964142647777233 	- 	- 	- 	
2.9064191499755747 	- 	- 	- 	
2.9164240351734243 	- 	- 	- 	
2.9264289203712757 	- 	- 	- 	
2.936433805569127 	- 	- 	- 	
2.9464386907669766 	- 	- 	- 	
2.956443575964828 	- 	- 	- 	
2.9664484611626776 	- 	- 	- 	
2.976453346360529 	- 	- 	- 	
2.9864582315583785 	- 	- 	- 	
2.99646311675623 	- 	- 	- 	
3.0064680019540795 	- 	- 	- 	
3.016472887151931 	- 	- 	- 	
3.0264777723497804 	- 	- 	- 	
3.036482657547632 	- 	- 	- 	
3.0464875427454814 	- 	- 	- 	
3.0564924279433328 	- 	- 	- 	
3.0664973131411823 	- 	- 	- 	
3.0765021983390337 	- 	- 	- 	
3.0865070835368833 	- 	- 	- 	
3.0965119687347347 	- 	- 	- 	
3.1065168539325843 	- 	- 	- 	
3.1165217391304356 	- 	- 	- 	
3.126526624328285 	- 	- 	- 	
3.1365315095261366 	- 	- 	- 	
3.146536394723986 	- 	- 	- 	
3.1565412799218375 	- 	- 	- 	
3.166546165119687 	- 	- 	- 	
3.1765510503175385 	- 	- 	- 	
3.18655593551539 	- 	- 	- 	
3.1965608207132394 	- 	- 	- 	
3.206565705911091 	- 	- 	- 	
3.2165705911089404 	- 	- 	- 	
3.2265754763067918 	- 	- 	- 	
3.2365803615046413 	- 	- 	- 	
3.2465852467024927 	- 	- 	- 	
3.2565901319003423 	- 	- 	- 	
3.2665950170981937 	- 	- 	- 	
3.2765999022960433 	- 	- 	- 	
3.2866047874938946 	- 	- 	- 	
3.296609672691744 	- 	- 	- 	
3.3066145578895956 	- 	- 	- 	
3.316619443087445 	- 	- 	- 	
3.3266243282852965 	- 	- 	- 	
3.336629213483146 	- 	- 	- 	
3.3466340986809975 	- 	- 	- 	
3.356638983878847 	- 	- 	- 	
3.3666438690766984 	- 	- 	- 	
3.376648754274548 	- 	- 	- 	
3.3866536394723994 	- 	- 	- 	
3.396658524670249 	- 	- 	- 	
3.4066634098681003 	- 	- 	- 	
3.41666829506595 	- 	- 	- 	
3.4266731802638013 	- 	- 	- 	
3.4366780654616527 	- 	- 	- 	
3.4466829506595023 	- 	- 	- 	
3.4566878358573536 	- 	- 	- 	
3.466692721055203 	- 	- 	- 	
3.4766976062530546 	- 	- 	- 	
3.486702491450904 	- 	- 	- 	
3.4967073766487555 	- 	- 	- 	
3.506712261846605 	- 	- 	- 	
3.5167171470444565 	- 	- 	- 	
3.526722032242306 	- 	- 	- 	
3.5367269174401574 	- 	- 	- 	
3.546731802638007 	- 	- 	- 	
3.5567366878358584 	- 	- 	- 	
3.566741573033708 	- 	- 	- 	
3.5767464582315593 	- 	- 	- 	
3.586751343429409 	- 	- 	- 	
3.5967562286272603 	- 	- 	- 	
3.60676111382511 	- 	- 	- 	
3.6167659990229613 	- 	- 	- 	
3.626770884220811 	- 	- 	- 	
3.636775769418662 	- 	- 	- 	
3.646780654616512 	- 	- 	- 	
3.656785539814363 	- 	- 	- 	
3.6667904250122145 	- 	- 	- 	
3.676795310210064 	- 	- 	- 	
3.6868001954079155 	- 	- 	- 	
3.696805080605765 	- 	- 	- 	
3.7068099658036164 	- 	- 	- 	
3.716814851001466 	- 	- 	- 	
3.7268197361993174 	- 	- 	- 	
3.736824621397167 	- 	- 	- 	
3.7468295065950183 	- 	- 	- 	
3.756834391792868 	- 	- 	- 	
3.7668392769907193 	- 	- 	- 	
3.776844162188569 	- 	- 	- 	
3.7868490473864203 	- 	- 	- 	
3.79685393258427 	- 	- 	- 	
3.806858817782121 	- 	- 	- 	
3.816863702979971 	- 	- 	- 	
3.826868588177822 	- 	- 	- 	
3.8368734733756718 	- 	- 	- 	
3.846878358573523 	- 	- 	- 	
3.8568832437713727 	- 	- 	- 	
3.866888128969224 	- 	- 	- 	
3.8768930141670737 	- 	- 	- 	
3.886897899364925 	- 	- 	- 	
3.8969027845627746 	- 	- 	- 	
3.906907669760626 	- 	- 	- 	
3.9169125549584773 	- 	- 	- 	
3.926917440156327 	- 	- 	- 	
3.9369223253541783 	- 	- 	- 	
3.946927210552028 	- 	- 	- 	
3.9569320957498793 	- 	- 	- 	
3.966936980947729 	- 	- 	- 	
3.97694186614558 	- 	- 	- 	
3.98694675134343 	- 	- 	- 	
3.996951636541281 	- 	- 	- 	
4.006956521739131 	- 	- 	- 	
4.016961406936982 	- 	- 	- 	
4.026966292134832 	- 	- 	- 	
4.036971177332683 	- 	- 	- 	
4.046976062530533 	- 	- 	- 	
4.056980947728384 	- 	- 	- 	
4.066985832926234 	- 	- 	- 	
4.076990718124085 	- 	- 	- 	
4.086995603321935 	- 	- 	- 	
4.097000488519786 	- 	- 	- 	
4.1070053737176355 	- 	- 	- 	
4.117010258915487 	- 	- 	- 	
4.1270151441133365 	- 	- 	- 	
4.137020029311188 	- 	- 	- 	
4.147024914509037 	- 	- 	- 	
4.157029799706889 	- 	- 	- 	
4.16703468490474 	- 	- 	- 	
4.17703957010259 	- 	- 	- 	
4.187044455300441 	- 	- 	- 	
4.197049340498291 	- 	- 	- 	
4.207054225696142 	- 	- 	- 	
4.217059110893992 	- 	- 	- 	
4.227063996091843 	- 	- 	- 	
4.237068881289693 	- 	- 	- 	
4.247073766487544 	- 	- 	- 	
4.257078651685394 	- 	- 	- 	
4.267083536883245 	- 	- 	- 	
4.2770884220810945 	- 	- 	- 	
4.287093307278946 	- 	- 	- 	
4.2970981924767955 	- 	- 	- 	
4.307103077674647 	- 	- 	- 	
4.317107962872496 	- 	- 	- 	
4.327112848070348 	- 	- 	- 	
4.337117733268197 	- 	- 	- 	
4.347122618466049 	- 	- 	- 	
4.357127503663898 	- 	- 	- 	
4.36713238886175 	- 	- 	- 	
4.377137274059599 	- 	- 	- 	
4.387142159257451 	- 	- 	- 	
4.397147044455302 	- 	- 	- 	
4.407151929653152 	- 	- 	- 	
4.417156814851003 	- 	- 	- 	
4.427161700048853 	- 	- 	- 	
4.437166585246704 	- 	- 	- 	
4.4471714704445535 	- 	- 	- 	
4.457176355642405 	- 	- 	- 	
4.4671812408402545 	- 	- 	- 	
4.477186126038106 	- 	- 	- 	
4.487191011235955 	- 	- 	- 	
4.497195896433807 	- 	- 	- 	
4.507200781631656 	- 	- 	- 	
4.517205666829508 	- 	- 	- 	
4.527210552027357 	- 	- 	- 	
4.537215437225209 	- 	- 	- 	
4.547220322423058 	- 	- 	- 	
4.55722520762091 	- 	- 	- 	
4.567230092818759 	- 	- 	- 	
4.577234978016611 	- 	- 	- 	
4.58723986321446 	- 	- 	- 	
4.597244748412312 	- 	- 	- 	
4.607249633610161 	- 	- 	- 	
4.6172545188080125 	- 	- 	- 	
4.627259404005862 	- 	- 	- 	
4.6372642892037135 	- 	- 	- 	
4.647269174401565 	- 	- 	- 	
4.657274059599414 	- 	- 	- 	
4.667278944797266 	- 	- 	- 	
4.677283829995115 	- 	- 	- 	
4.687288715192967 	- 	- 	- 	
4.697293600390816 	- 	- 	- 	
4.707298485588668 	- 	- 	- 	
4.717303370786517 	- 	- 	- 	
4.727308255984369 	- 	- 	- 	
4.737313141182218 	- 	- 	- 	
4.74731802638007 	- 	- 	- 	
4.757322911577919 	- 	- 	- 	
4.767327796775771 	- 	- 	- 	
4.77733268197362 	- 	- 	- 	
4.7873375671714715 	- 	- 	- 	
4.797342452369321 	- 	- 	- 	
4.8073473375671725 	- 	- 	- 	
4.817352222765022 	- 	- 	- 	
4.827357107962873 	- 	- 	- 	
4.837361993160723 	- 	- 	- 	
4.847366878358574 	- 	- 	- 	
4.857371763556424 	- 	- 	- 	
4.867376648754275 	- 	- 	- 	
4.877381533952125 	- 	- 	- 	
4.887386419149976 	- 	- 	- 	
4.897391304347828 	- 	- 	- 	
4.907396189545677 	- 	- 	- 	
4.917401074743529 	- 	- 	- 	
4.927405959941378 	- 	- 	- 	
4.93741084513923 	- 	- 	- 	
4.947415730337079 	- 	- 	- 	
4.9574206155349305 	- 	- 	- 	
4.96742550073278 	- 	- 	- 	
4.9774303859306315 	- 	- 	- 	
4.987435271128481 	- 	- 	- 	
4.997440156326332 	- 	- 	- 	
5.007445041524182 	- 	- 	- 	
5.017449926722033 	- 	- 	- 	
5.027454811919883 	- 	- 	- 	
5.037459697117734 	- 	- 	- 	
5.047464582315584 	- 	- 	- 	
5.057469467513435 	- 	- 	- 	
5.067474352711285 	- 	- 	- 	
5.077479237909136 	- 	- 	- 	
5.087484123106986 	- 	- 	- 	
5.097489008304837 	- 	- 	- 	
5.107493893502687 	- 	- 	- 	
5.117498778700538 	- 	- 	- 	
5.1275036638983895 	- 	- 	- 	
5.137508549096239 	- 	- 	- 	
5.1475134342940905 	- 	- 	- 	
5.15751831949194 	- 	- 	- 	
5.167523204689791 	- 	- 	- 	
5.177528089887641 	- 	- 	- 	
5.187532975085492 	- 	- 	- 	
5.197537860283342 	- 	- 	- 	
5.207542745481193 	- 	- 	- 	
5.217547630679043 	- 	- 	- 	
5.227552515876894 	- 	- 	- 	
5.237557401074744 	- 	- 	- 	
5.247562286272595 	- 	- 	- 	
5.257567171470445 	- 	- 	- 	
5.267572056668296 	- 	- 	- 	
5.277576941866146 	- 	- 	- 	
5.287581827063997 	- 	- 	- 	
5.297586712261847 	- 	- 	- 	
5.307591597459698 	- 	- 	- 	
5.317596482657548 	- 	- 	- 	
5.327601367855399 	- 	- 	- 	
5.337606253053249 	- 	- 	- 	
5.3476111382511 	- 	- 	- 	
5.35761602344895 	- 	- 	- 	
5.367620908646801 	- 	- 	- 	
5.377625793844652 	- 	- 	- 	
5.387630679042502 	- 	- 	- 	
5.397635564240353 	- 	- 	- 	
5.407640449438203 	- 	- 	- 	
5.417645334636054 	- 	- 	- 	
5.427650219833904 	- 	- 	- 	
5.437655105031755 	- 	- 	- 	
5.447659990229605 	- 	- 	- 	
5.457664875427456 	- 	- 	- 	
5.467669760625306 	- 	- 	- 	
5.477674645823157 	- 	- 	- 	
5.487679531021007 	- 	- 	- 	
5.497684416218858 	- 	- 	- 	
5.507689301416708 	- 	- 	- 	
5.517694186614559 	- 	- 	- 	
5.527699071812409 	- 	- 	- 	
5.53770395701026 	- 	- 	- 	
5.54770884220811 	- 	- 	- 	
5.557713727405961 	- 	- 	- 	
5.5677186126038105 	- 	- 	- 	
5.577723497801662 	- 	- 	- 	
5.5877283829995115 	- 	- 	- 	
5.597733268197363 	- 	- 	- 	
5.607738153395212 	- 	- 	- 	
5.617743038593064 	- 	- 	- 	
5.627747923790915 	- 	- 	- 	
5.637752808988765 	- 	- 	- 	
5.647757694186616 	- 	- 	- 	
5.657762579384466 	- 	- 	- 	
5.667767464582317 	- 	- 	- 	
5.677772349780167 	- 	- 	- 	
5.687777234978018 	- 	- 	- 	
5.697782120175868 	- 	- 	- 	
5.707787005373719 	- 	- 	- 	
5.717791890571569 	- 	- 	- 	
5.72779677576942 	- 	- 	- 	
5.7378016609672695 	- 	- 	- 	
5.747806546165121 	- 	- 	- 	
5.7578114313629705 	- 	- 	- 	
5.76781631656082 	- 	- 	- 	
5.777821201758671 	- 	- 	- 	
5.787826086956523 	- 	- 	- 	
5.797830972154374 	- 	- 	- 	
5.807835857352222 	- 	- 	- 	
5.817840742550073 	- 	- 	- 	
5.827845627747925 	- 	- 	- 	
5.837850512945776 	- 	- 	- 	
5.847855398143624 	- 	- 	- 	
5.857860283341475 	- 	- 	- 	
5.867865168539327 	- 	- 	- 	
5.877870053737178 	- 	- 	- 	
5.887874938935029 	- 	- 	- 	
5.897879824132877 	- 	- 	- 	
5.9078847093307285 	- 	- 	- 	
5.91788959452858 	- 	- 	- 	
5.927894479726431 	- 	- 	- 	
5.937899364924279 	- 	- 	- 	
5.94790425012213 	- 	- 	- 	
5.957909135319982 	- 	- 	- 	
5.967914020517833 	- 	- 	- 	
5.977918905715681 	- 	- 	- 	
5.987923790913532 	- 	- 	- 	
5.997928676111384 	- 	- 	- 	
6.007933561309235 	- 	- 	- 	
6.017938446507083 	- 	- 	- 	
6.027943331704934 	- 	- 	- 	
6.037948216902786 	- 	- 	- 	
6.047953102100637 	- 	- 	- 	
6.057957987298485 	- 	- 	- 	
6.067962872496336 	- 	- 	- 	
6.0779677576941875 	- 	- 	- 	
6.087972642892039 	- 	- 	- 	
6.097977528089887 	- 	- 	- 	
6.107982413287738 	- 	- 	- 	
6.117987298485589 	- 	- 	- 	
6.127992183683441 	- 	- 	- 	
6.137997068881292 	- 	- 	- 	
6.14800195407914 	- 	- 	- 	
6.158006839276991 	- 	- 	- 	
6.168011724474843 	- 	- 	- 	
6.178016609672694 	- 	- 	- 	
6.188021494870542 	- 	- 	- 	
6.198026380068393 	- 	- 	- 	
6.208031265266245 	- 	- 	- 	
6.218036150464096 	- 	- 	- 	
6.228041035661944 	- 	- 	- 	
6.238045920859795 	- 	- 	- 	
6.2480508060576465 	- 	- 	- 	
6.258055691255498 	- 	- 	- 	
6.268060576453346 	- 	- 	- 	
6.278065461651197 	- 	- 	- 	
6.288070346849048 	- 	- 	- 	
6.2980752320469 	- 	- 	- 	
6.308080117244748 	- 	- 	- 	
6.318085002442599 	- 	- 	- 	
6.32808988764045 	- 	- 	- 	
6.338094772838302 	- 	- 	- 	
6.348099658036153 	- 	- 	- 	
6.358104543234001 	- 	- 	- 	
6.368109428431852 	- 	- 	- 	
6.378114313629704 	- 	- 	- 	
6.388119198827555 	- 	- 	- 	
6.398124084025403 	- 	- 	- 	
6.408128969223254 	- 	- 	- 	
6.4181338544211055 	- 	- 	- 	
6.428138739618957 	- 	- 	- 	
6.438143624816805 	- 	- 	- 	
6.448148510014656 	- 	- 	- 	
6.458153395212507 	- 	- 	- 	
6.468158280410359 	- 	- 	- 	
6.478163165608207 	- 	- 	- 	
6.488168050806058 	- 	- 	- 	
6.498172936003909 	- 	- 	- 	
6.508177821201761 	- 	- 	- 	
6.5181827063996085 	- 	- 	- 	
6.52818759159746 	- 	- 	- 	
6.538192476795311 	- 	- 	- 	
6.548197361993163 	- 	- 	- 	
6.55820224719101 	- 	- 	- 	
6.568207132388862 	- 	- 	- 	
6.578212017586713 	- 	- 	- 	
6.5882169027845645 	- 	- 	- 	
6.598221787982416 	- 	- 	- 	
6.608226673180264 	- 	- 	- 	
6.618231558378115 	- 	- 	- 	
6.628236443575966 	- 	- 	- 	
6.638241328773818 	- 	- 	- 	
6.648246213971666 	- 	- 	- 	
6.658251099169517 	- 	- 	- 	
6.668255984367368 	- 	- 	- 	
6.67826086956522 	- 	- 	- 	
6.6882657547630675 	- 	- 	- 	
6.698270639960919 	- 	- 	- 	
6.70827552515877 	- 	- 	- 	
6.718280410356622 	- 	- 	- 	
6.728285295554469 	- 	- 	- 	
6.738290180752321 	- 	- 	- 	
6.748295065950172 	- 	- 	- 	
6.7582999511480235 	- 	- 	- 	
6.768304836345871 	- 	- 	- 	
6.778309721543723 	- 	- 	- 	
6.788314606741574 	- 	- 	- 	
6.798319491939425 	- 	- 	- 	
6.808324377137273 	- 	- 	- 	
6.818329262335125 	- 	- 	- 	
6.828334147532976 	- 	- 	- 	
6.838339032730827 	- 	- 	- 	
6.848343917928679 	- 	- 	- 	
6.8583488031265265 	- 	- 	- 	
6.868353688324378 	- 	- 	- 	
6.878358573522229 	- 	- 	- 	
6.888363458720081 	- 	- 	- 	
6.898368343917928 	- 	- 	- 	
6.90837322911578 	- 	- 	- 	
6.918378114313631 	- 	- 	- 	
6.9283829995114825 	- 	- 	- 	
6.93838788470933 	- 	- 	- 	
6.948392769907182 	- 	- 	- 	
6.958397655105033 	- 	- 	- 	
6.968402540302884 	- 	- 	- 	
6.978407425500732 	- 	- 	- 	
6.988412310698584 	- 	- 	- 	
6.998417195896435 	- 	- 	- 	
7.008422081094286 	- 	- 	- 	
7.018426966292134 	- 	- 	- 	
7.0284318514899855 	- 	- 	- 	
7.038436736687837 	- 	- 	- 	
7.048441621885688 	- 	- 	- 	
7.058446507083536 	- 	- 	- 	
7.068451392281387 	- 	- 	- 	
7.078456277479239 	- 	- 	- 	
7.08846116267709 	- 	- 	- 	
7.0984660478749415 	- 	- 	- 	
7.108470933072789 	- 	- 	- 	
7.118475818270641 	- 	- 	- 	
7.128480703468492 	- 	- 	- 	
7.138485588666343 	- 	- 	- 	
7.148490473864191 	- 	- 	- 	
7.158495359062043 	- 	- 	- 	
7.168500244259894 	- 	- 	- 	
7.178505129457745 	- 	- 	- 	
7.188510014655593 	- 	- 	- 	
7.1985148998534445 	- 	- 	- 	
7.208519785051296 	- 	- 	- 	
7.218524670249147 	- 	- 	- 	
7.228529555446995 	- 	- 	- 	
7.238534440644846 	- 	- 	- 	
7.248539325842698 	- 	- 	- 	
7.258544211040549 	- 	- 	- 	
7.268549096238397 	- 	- 	- 	
7.278553981436248 	- 	- 	- 	
7.2885588666341 	- 	- 	- 	
7.298563751831951 	- 	- 	- 	
7.308568637029799 	- 	- 	- 	
7.31857352222765 	- 	- 	- 	
7.328578407425502 	- 	- 	- 	
7.338583292623353 	- 	- 	- 	
7.348588177821204 	- 	- 	- 	
7.358593063019052 	- 	- 	- 	
7.3685979482169035 	- 	- 	- 	
7.378602833414755 	- 	- 	- 	
7.388607718612606 	- 	- 	- 	
7.398612603810454 	- 	- 	- 	
7.408617489008305 	- 	- 	- 	
7.418622374206157 	- 	- 	- 	
7.428627259404008 	- 	- 	- 	
7.438632144601856 	- 	- 	- 	
7.448637029799707 	- 	- 	- 	
7.458641914997559 	- 	- 	- 	
7.46864680019541 	- 	- 	- 	
7.478651685393258 	- 	- 	- 	
7.488656570591109 	- 	- 	- 	
7.498661455788961 	- 	- 	- 	
7.508666340986812 	- 	- 	- 	
7.51867122618466 	- 	- 	- 	
7.528676111382511 	- 	- 	- 	
7.5386809965803625 	- 	- 	- 	
7.548685881778214 	- 	- 	- 	
7.558690766976062 	- 	- 	- 	
7.568695652173913 	- 	- 	- 	
7.578700537371764 	- 	- 	- 	
7.588705422569616 	- 	- 	- 	
7.598710307767467 	- 	- 	- 	
7.608715192965315 	- 	- 	- 	
7.618720078163166 	- 	- 	- 	
7.628724963361018 	- 	- 	- 	
7.638729848558869 	- 	- 	- 	
7.648734733756717 	- 	- 	- 	
7.658739618954568 	- 	- 	- 	
7.66874450415242 	- 	- 	- 	
7.678749389350271 	- 	- 	- 	
7.688754274548119 	- 	- 	- 	
7.69875915974597 	- 	- 	- 	
7.7087640449438215 	- 	- 	- 	
7.718768930141673 	- 	- 	- 	
7.728773815339521 	- 	- 	- 	
7.738778700537372 	- 	- 	- 	
7.748783585735223 	- 	- 	- 	
7.758788470933075 	- 	- 	- 	
7.768793356130923 	- 	- 	- 	
7.778798241328774 	- 	- 	- 	
7.788803126526625 	- 	- 	- 	
7.798808011724477 	- 	- 	- 	
7.8088128969223245 	- 	- 	- 	
7.818817782120176 	- 	- 	- 	
7.828822667318027 	- 	- 	- 	
7.838827552515879 	- 	- 	- 	
7.84883243771373 	- 	- 	- 	
7.858837322911578 	- 	- 	- 	
7.868842208109429 	- 	- 	- 	
7.8788470933072805 	- 	- 	- 	
7.888851978505132 	- 	- 	- 	
7.89885686370298 	- 	- 	- 	
7.908861748900831 	- 	- 	- 	
7.918866634098682 	- 	- 	- 	
7.928871519296534 	- 	- 	- 	
7.938876404494382 	- 	- 	- 	
7.948881289692233 	- 	- 	- 	
7.958886174890084 	- 	- 	- 	
7.968891060087936 	- 	- 	- 	
7.9788959452857835 	- 	- 	- 	
7.988900830483635 	- 	- 	- 	
7.998905715681486 	- 	- 	- 	
8.008910600879338 	- 	- 	- 	
8.018915486077185 	- 	- 	- 	
8.028920371275037 	- 	- 	- 	
8.038925256472888 	- 	- 	- 	
8.04893014167074 	- 	- 	- 	
8.05893502686859 	- 	- 	- 	
8.068939912066439 	- 	- 	- 	
8.07894479726429 	- 	- 	- 	
8.088949682462141 	- 	- 	- 	
8.098954567659993 	- 	- 	- 	
8.10895945285784 	- 	- 	- 	
8.118964338055692 	- 	- 	- 	
8.128969223253543 	- 	- 	- 	
8.138974108451395 	- 	- 	- 	
8.148978993649242 	- 	- 	- 	
8.158983878847094 	- 	- 	- 	
8.168988764044945 	- 	- 	- 	
8.178993649242797 	- 	- 	- 	
8.188998534440644 	- 	- 	- 	
8.199003419638496 	- 	- 	- 	
8.209008304836347 	- 	- 	- 	
8.219013190034199 	- 	- 	- 	
8.229018075232046 	- 	- 	- 	
8.239022960429898 	- 	- 	- 	
8.249027845627749 	- 	- 	- 	
8.2590327308256 	- 	- 	- 	
8.269037616023448 	- 	- 	- 	
8.2790425012213 	- 	- 	- 	
8.289047386419151 	- 	- 	- 	
8.299052271617002 	- 	- 	- 	
8.309057156814854 	- 	- 	- 	
8.319062042012701 	- 	- 	- 	
8.329066927210553 	- 	- 	- 	
8.339071812408404 	- 	- 	- 	
8.349076697606256 	- 	- 	- 	
8.359081582804103 	- 	- 	- 	
8.369086468001955 	- 	- 	- 	
8.379091353199806 	- 	- 	- 	
8.389096238397658 	- 	- 	- 	
8.399101123595505 	- 	- 	- 	
8.409106008793357 	- 	- 	- 	
8.419110893991208 	- 	- 	- 	
8.42911577918906 	- 	- 	- 	
8.439120664386907 	- 	- 	- 	
8.449125549584759 	- 	- 	- 	
8.45913043478261 	- 	- 	- 	
8.469135319980461 	- 	- 	- 	
8.47914020517831 	- 	- 	- 	
8.48914509037616 	- 	- 	- 	
8.499149975574012 	- 	- 	- 	
8.509154860771863 	- 	- 	- 	
8.519159745969711 	- 	- 	- 	
8.529164631167562 	- 	- 	- 	
8.539169516365414 	- 	- 	- 	
8.549174401563265 	- 	- 	- 	
8.559179286761117 	- 	- 	- 	
8.569184171958964 	- 	- 	- 	
8.579189057156816 	- 	- 	- 	
8.589193942354667 	- 	- 	- 	
8.599198827552518 	- 	- 	- 	
8.609203712750366 	- 	- 	- 	
8.619208597948218 	- 	- 	- 	
8.629213483146069 	- 	- 	- 	
8.63921836834392 	- 	- 	- 	
8.649223253541768 	- 	- 	- 	
8.65922813873962 	- 	- 	- 	
8.66923302393747 	- 	- 	- 	
8.679237909135322 	- 	- 	- 	
8.68924279433317 	- 	- 	- 	
8.699247679531021 	- 	- 	- 	
8.709252564728873 	- 	- 	- 	
8.719257449926724 	- 	- 	- 	
8.729262335124572 	- 	- 	- 	
8.739267220322423 	- 	- 	- 	
8.749272105520275 	- 	- 	- 	
8.759276990718126 	- 	- 	- 	
8.769281875915974 	- 	- 	- 	
8.779286761113825 	- 	- 	- 	
8.789291646311677 	- 	- 	- 	
8.799296531509528 	- 	- 	- 	
8.80930141670738 	- 	- 	- 	
8.819306301905227 	- 	- 	- 	
8.829311187103078 	- 	- 	- 	
8.83931607230093 	- 	- 	- 	
8.849320957498781 	- 	- 	- 	
8.859325842696629 	- 	- 	- 	
8.86933072789448 	- 	- 	- 	
8.879335613092332 	- 	- 	- 	
8.889340498290183 	- 	- 	- 	
8.899345383488031 	- 	- 	- 	
8.909350268685882 	- 	- 	- 	
8.919355153883734 	- 	- 	- 	
8.929360039081585 	- 	- 	- 	
8.939364924279433 	- 	- 	- 	
8.949369809477284 	- 	- 	- 	
8.959374694675136 	- 	- 	- 	
8.969379579872987 	- 	- 	- 	
8.979384465070835 	- 	- 	- 	
8.989389350268686 	- 	- 	- 	
8.999394235466537 	- 	- 	- 	
9.009399120664389 	- 	- 	- 	
9.019404005862237 	- 	- 	- 	
9.029408891060088 	- 	- 	- 	
9.03941377625794 	- 	- 	- 	
9.04941866145579 	- 	- 	- 	
9.059423546653642 	- 	- 	- 	
9.06942843185149 	- 	- 	- 	
9.079433317049341 	- 	- 	- 	
9.089438202247193 	- 	- 	- 	
9.099443087445044 	- 	- 	- 	
9.109447972642892 	- 	- 	- 	
9.119452857840743 	- 	- 	- 	
9.129457743038595 	- 	- 	- 	
9.139462628236446 	- 	- 	- 	
9.149467513434294 	- 	- 	- 	
9.159472398632145 	- 	- 	- 	
9.169477283829996 	- 	- 	- 	
9.179482169027848 	- 	- 	- 	
9.189487054225696 	- 	- 	- 	
9.199491939423547 	- 	- 	- 	
9.209496824621398 	- 	- 	- 	
9.21950170981925 	- 	- 	- 	
9.229506595017098 	- 	- 	- 	
9.239511480214949 	- 	- 	- 	
9.2495163654128 	- 	- 	- 	
9.259521250610652 	- 	- 	- 	
9.2695261358085 	- 	- 	- 	
9.27953102100635 	- 	- 	- 	
9.289535906204202 	- 	- 	- 	
9.299540791402054 	- 	- 	- 	
9.309545676599905 	- 	- 	- 	
9.319550561797753 	- 	- 	- 	
9.329555446995604 	- 	- 	- 	
9.339560332193455 	- 	- 	- 	
9.349565217391307 	- 	- 	- 	
9.359570102589155 	- 	- 	- 	
9.369574987787006 	- 	- 	- 	
9.379579872984857 	- 	- 	- 	
9.389584758182709 	- 	- 	- 	
9.399589643380557 	- 	- 	- 	
9.409594528578408 	- 	- 	- 	
9.41959941377626 	- 	- 	- 	
9.42960429897411 	- 	- 	- 	
9.439609184171958 	- 	- 	- 	
9.44961406936981 	- 	- 	- 	
9.459618954567661 	- 	- 	- 	
9.469623839765513 	- 	- 	- 	
9.47962872496336 	- 	- 	- 	
9.489633610161212 	- 	- 	- 	
9.499638495359063 	- 	- 	- 	
9.509643380556914 	- 	- 	- 	
9.519648265754766 	- 	- 	- 	
9.529653150952614 	- 	- 	- 	
9.539658036150465 	- 	- 	- 	
9.549662921348316 	- 	- 	- 	
9.559667806546168 	- 	- 	- 	
9.569672691744016 	- 	- 	- 	
9.579677576941867 	- 	- 	- 	
9.589682462139718 	- 	- 	- 	
9.59968734733757 	- 	- 	- 	
9.609692232535417 	- 	- 	- 	
9.619697117733269 	- 	- 	- 	
9.62970200293112 	- 	- 	- 	
9.639706888128972 	- 	- 	- 	
9.64971177332682 	- 	- 	- 	
9.65971665852467 	- 	- 	- 	
9.669721543722522 	- 	- 	- 	
9.679726428920373 	- 	- 	- 	
9.689731314118221 	- 	- 	- 	
9.699736199316073 	- 	- 	- 	
9.709741084513924 	- 	- 	- 	
9.719745969711775 	- 	- 	- 	
9.729750854909623 	- 	- 	- 	
9.739755740107475 	- 	- 	- 	
9.749760625305326 	- 	- 	- 	
9.759765510503177 	- 	- 	- 	
9.769770395701029 	- 	- 	- 	
9.779775280898876 	- 	- 	- 	
9.789780166096728 	- 	- 	- 	
9.79978505129458 	- 	- 	- 	
9.80978993649243 	- 	- 	- 	
9.819794821690278 	- 	- 	- 	
9.82979970688813 	- 	- 	- 	
9.839804592085981 	- 	- 	- 	
9.849809477283832 	- 	- 	- 	
9.85981436248168 	- 	- 	- 	
9.869819247679532 	- 	- 	- 	
9.879824132877383 	- 	- 	- 	
9.889829018075234 	- 	- 	- 	
9.899833903273082 	- 	- 	- 	
9.909838788470934 	- 	- 	- 	
9.919843673668785 	- 	- 	- 	
9.929848558866636 	- 	- 	- 	
9.939853444064484 	- 	- 	- 	
9.949858329262335 	- 	- 	- 	
9.959863214460187 	- 	- 	- 	
9.969868099658038 	- 	- 	- 	
9.979872984855886 	- 	- 	- 	
9.989877870053737 	- 	- 	- 	
9.999882755251589 	- 	- 	- 	
10.00988764044944 	- 	- 	- 	
10.019892525647291 	- 	- 	- 	
10.02989741084514 	- 	- 	- 	
10.03990229604299 	- 	- 	- 	
10.049907181240842 	- 	- 	- 	
10.059912066438693 	- 	- 	- 	
10.069916951636541 	- 	- 	- 	
10.079921836834393 	- 	- 	- 	
10.089926722032244 	- 	- 	- 	
10.099931607230095 	- 	- 	- 	
10.109936492427943 	- 	- 	- 	
10.119941377625794 	- 	- 	- 	
10.129946262823646 	- 	- 	- 	
10.139951148021497 	- 	- 	- 	
10.149956033219345 	- 	- 	- 	
10.159960918417196 	- 	- 	- 	
10.169965803615048 	- 	- 	- 	
10.1799706888129 	- 	- 	- 	
10.189975574010747 	- 	- 	- 	
10.199980459208598 	- 	- 	- 	
10.20998534440645 	- 	- 	- 	
10.219990229604301 	- 	- 	- 	
10.229995114802149 	- 	- 	- 	
10.24 	- 	- 	- 	
#######################################