## 2D correlation ellipsies (nlines: 2048)

##dt	dx	Rdt	Rdx	
-10.24 	-6.2832 	1.0 	0.9949435916456042 	
-10.229995114802149 	-6.2586082191780825 	0.9766194131902411 	0.9908321127089788 	
-10.2199902296043 	-6.234016438356164 	0.9119105713339734 	0.9419786758583252 	
-10.209985344406448 	-6.209424657534247 	0.8196188799341098 	0.8593180116950516 	
-10.199980459208598 	-6.184832876712329 	0.7159078018183652 	0.7587337983712811 	
-10.189975574010747 	-6.160241095890411 	0.6138498613117266 	0.6549901250052634 	
-10.179970688812897 	-6.135649315068493 	0.5209587439009048 	0.5579126602685807 	
-10.169965803615046 	-6.111057534246576 	0.43981335309323866 	0.4719054853316431 	
-10.159960918417196 	-6.086465753424657 	0.37009768570655405 	0.39762120032818615 	
-10.149956033219345 	-6.06187397260274 	0.3104264058332899 	0.3339814101137111 	
-10.139951148021495 	-6.037282191780822 	0.2593192822073095 	0.2794977739640032 	
-10.129946262823644 	-6.012690410958904 	0.2154951871656249 	0.23280186194324268 	
-10.119941377625794 	-5.988098630136986 	0.17787289981636467 	0.19273402182086502 	
-10.109936492427943 	-5.963506849315069 	0.1455248399629744 	0.15830553668352032 	
-10.099931607230094 	-5.93891506849315 	0.11765492585323895 	0.12866696616976586 	
-10.089926722032242 	-5.914323287671233 	0.0935910392834828 	0.10309676388371519 	
-10.079921836834393 	-5.889731506849315 	0.07277436517107796 	0.0809923718249135 	
-10.069916951636541 	-5.865139726027397 	0.054741802266222946 	0.06185459304100579 	
-10.059912066438692 	-5.840547945205479 	0.039106701225872696 	0.045268054524274 	
-10.04990718124084 	-5.815956164383562 	0.025542873286532194 	0.03088348743644475 	
-10.03990229604299 	-5.7913643835616435 	0.013773057773228577 	0.01840435725018323 	
-10.02989741084514 	-5.766772602739726 	0.0035612981454158227 	0.007577713153821764 	
-10.01989252564729 	-5.742180821917808 	-0.005291509899384689 	-0.0018112665976790763 	
-10.009887640449438 	-5.7175890410958905 	-0.012951042701099445 	-0.00994246957404353 	
-9.999882755251587 	-5.692997260273972 	-0.01955561049555385 	-0.016965251283438443 	
-9.989877870053737 	-5.668405479452055 	-0.025226464298210297 	-0.023007082091274764 	
-9.979872984855886 	-5.643813698630137 	-0.030078786745576618 	-0.02818489539916776 	
-9.969868099658036 	-5.619221917808219 	-0.034227188659903866 	-0.03261324269670085 	
-9.959863214460185 	-5.594630136986301 	-0.03778323389578773 	-0.03640473445775338 	
-9.949858329262335 	-5.570038356164384 	-0.040849146482170244 	-0.03966459880867314 	
-9.939853444064484 	-5.545446575342465 	-0.04351460906877054 	-0.042486010999352286 	
-9.929848558866635 	-5.520854794520548 	-0.04585979532234778 	-0.0449512693722556 	
-9.919843673668783 	-5.49626301369863 	-0.04796136415198274 	-0.04713769223225958 	
-9.909838788470934 	-5.471671232876712 	-0.04989498066645788 	-0.04912223827000008 	
-9.899833903273082 	-5.447079452054794 	-0.05173033276635614 	-0.05097936357326002 	
-9.889829018075233 	-5.422487671232877 	-0.05351998928374482 	-0.05277146782830624 	
-9.879824132877381 	-5.397895890410958 	-0.055287490618229275 	-0.05453623651780643 	
-9.869819247679532 	-5.373304109589041 	-0.0570206197084524 	-0.05627706418701031 	
-9.85981436248168 	-5.348712328767123 	-0.05867362163690301 	-0.05796141522170814 	
-9.84980947728383 	-5.324120547945205 	-0.06017874273274631 	-0.05952891016552212 	
-9.83980459208598 	-5.299528767123288 	-0.061463715984227285 	-0.06090716464353839 	
-9.82979970688813 	-5.27493698630137 	-0.06246894386346261 	-0.062029913474734126 	
-9.819794821690278 	-5.2503452054794515 	-0.06315825289145316 	-0.06285072412548647 	
-9.809789936492429 	-5.225753424657534 	-0.0635210353770534 	-0.06334832244470856 	
-9.799785051294577 	-5.201161643835617 	-0.06356862204856537 	-0.06352474572659211 	
-9.789780166096728 	-5.1765698630136985 	-0.06332954203438627 	-0.06340088669873324 	
-9.779775280898876 	-5.15197808219178 	-0.06284578902169415 	-0.06301277198141672 	
-9.769770395701027 	-5.127386301369863 	-0.06216869375675701 	-0.062408178491538534 	
-9.759765510503176 	-5.1027945205479455 	-0.06135225796565759 	-0.06164121282525165 	
-9.749760625305324 	-5.078202739726027 	-0.060443864335615945 	-0.060763793381724746 	
-9.739755740107475 	-5.053610958904109 	-0.05947456992665919 	-0.059815491348148245 	
-9.729750854909623 	-5.029019178082192 	-0.058452409489437945 	-0.058814830220277364 	
-9.719745969711774 	-5.004427397260274 	-0.05736274007149686 	-0.057756015060719174 	
-9.709741084513922 	-4.979835616438356 	-0.05617891380148253 	-0.056615140127930265 	
-9.699736199316073 	-4.9552438356164386 	-0.05488224289131321 	-0.055367125416550075 	
-9.689731314118221 	-4.93065205479452 	-0.053482950265227966 	-0.054007928112741174 	
-9.679726428920372 	-4.906060273972603 	-0.05202945594504452 	-0.05257011959001066 	
-9.66972154372252 	-4.881468493150685 	-0.050597918754382694 	-0.0511207017271572 	
-9.65971665852467 	-4.856876712328767 	-0.04926589046924842 	-0.049739949271626435 	
-9.64971177332682 	-4.832284931506849 	-0.04808406027929066 	-0.048492116660566104 	
-9.63970688812897 	-4.807693150684932 	-0.04706043180135948 	-0.0474034081896817 	
-9.629702002931118 	-4.783101369863013 	-0.04616286017769031 	-0.04645699681435406 	
-9.619697117733269 	-4.758509589041096 	-0.04533608176639076 	-0.04560489523123627 	
-9.609692232535417 	-4.733917808219178 	-0.04452374008414464 	-0.04478904691141509 	
-9.599687347337568 	-4.70932602739726 	-0.043685005579924246 	-0.04396125520990522 	
-9.589682462139717 	-4.684734246575342 	-0.042798467400826976 	-0.04309281686760723 	
-9.579677576941867 	-4.660142465753425 	-0.04185316960588417 	-0.04217020375848889 	
-9.569672691744016 	-4.6355506849315065 	-0.04083549684029951 	-0.041182087629323634 	
-9.559667806546166 	-4.610958904109589 	-0.03972410470015239 	-0.04010976260872737 	
-9.549662921348315 	-4.586367123287671 	-0.038498193861018555 	-0.038930339896695004 	
-9.539658036150465 	-4.5617753424657534 	-0.03715210103794075 	-0.03763048867760951 	
-9.529653150952614 	-4.537183561643835 	-0.03570331374368591 	-0.036218581013346754 	
-9.519648265754764 	-4.512591780821918 	-0.03418740205139563 	-0.03472477687743076 	
-9.509643380556913 	-4.4879999999999995 	-0.0326449445594782 	-0.03318968996068236 	
-9.499638495359061 	-4.463408219178082 	-0.03111071589413465 	-0.03165125500986285 	
-9.489633610161212 	-4.438816438356165 	-0.02961054551548358 	-0.03013831480230171 	
-9.47962872496336 	-4.4142246575342465 	-0.02816281201192675 	-0.028671196376932703 	
-9.46962383976551 	-4.389632876712328 	-0.026777963670161734 	-0.027263073444346152 	
-9.45961895456766 	-4.365041095890411 	-0.025453284645412983 	-0.025916842084463564 	
-9.44961406936981 	-4.3404493150684935 	-0.024167031627429912 	-0.02461876053768014 	
-9.439609184171958 	-4.315857534246575 	-0.022879546914111454 	-0.02333579901026454 	
-9.429604298974109 	-4.291265753424657 	-0.021545743583466025 	-0.022023274043174678 	
-9.419599413776258 	-4.26667397260274 	-0.020135706184236223 	-0.02064289952841845 	
-9.409594528578408 	-4.242082191780822 	-0.018653667910969157 	-0.01918369101090082 	
-9.399589643380557 	-4.217490410958904 	-0.017144732340743905 	-0.017674676221228643 	
-9.389584758182707 	-4.192898630136986 	-0.01568382967545213 	-0.016181209027098256 	
-9.379579872984856 	-4.168306849315068 	-0.014349807459748521 	-0.014784170303269513 	
-9.369574987787006 	-4.143715068493151 	-0.01319547963259201 	-0.013549980072525848 	
-9.359570102589155 	-4.119123287671233 	-0.012228025386075043 	-0.012505202332068987 	
-9.349565217391305 	-4.094531506849314 	-0.011410349225527848 	-0.011628898114531699 	
-9.339560332193454 	-4.069939726027397 	-0.01068332978063087 	-0.01086745808084121 	
-9.329555446995604 	-4.04534794520548 	-0.00999697917872402 	-0.010164179366942439 	
-9.319550561797753 	-4.020756164383561 	-0.009333520679007785 	-0.009487293104919631 	
-9.309545676599903 	-3.9961643835616436 	-0.008711247674078087 	-0.00884185709855161 	
-9.299540791402052 	-3.971572602739726 	-0.008170523033262846 	-0.008261830103407697 	
-9.289535906204202 	-3.946980821917808 	-0.0077531174161336374 	-0.007790567200984987 	
-9.27953102100635 	-3.92238904109589 	-0.007486683630940823 	-0.007462408141530892 	
-9.269526135808501 	-3.8977972602739723 	-0.00737889079562706 	-0.007293127509978052 	
-9.25952125061065 	-3.8732054794520545 	-0.0074180464952356044 	-0.007278564508282528 	
-9.249516365412799 	-3.8486136986301367 	-0.007575359967910807 	-0.007396454963262179 	
-9.239511480214949 	-3.824021917808219 	-0.007807960411770145 	-0.007608836754552166 	
-9.229506595017098 	-3.799430136986301 	-0.008065240358091303 	-0.00786681135414688 	
-9.219501709819248 	-3.7748383561643832 	-0.008299266142120084 	-0.008119728316056252 	
-9.209496824621397 	-3.7502465753424654 	-0.00847496192986606 	-0.008326343344549923 	
-9.199491939423547 	-3.7256547945205476 	-0.00857389979935506 	-0.008461723775487545 	
-9.189487054225696 	-3.7010630136986298 	-0.00858984400738349 	-0.008515749671453968 	
-9.179482169027846 	-3.676471232876712 	-0.008520762630199451 	-0.008485573731902235 	
-9.169477283829995 	-3.6518794520547946 	-0.008364376591590547 	-0.008368988068322633 	
-9.159472398632145 	-3.6272876712328768 	-0.00812050510585934 	-0.008164035562539342 	
-9.149467513434294 	-3.602695890410959 	-0.0077975937354685864 	-0.007874481116366946 	
-9.139462628236444 	-3.578104109589041 	-0.007418008559827666 	-0.007516366481786245 	
-9.129457743038593 	-3.5535123287671233 	-0.0070179262493374455 	-0.007120626484098734 	
-9.119452857840743 	-3.5289205479452055 	-0.0066403952812367 	-0.006729078841633034 	
-9.109447972642892 	-3.5043287671232877 	-0.006322730086115687 	-0.006383731421567203 	
-9.099443087445042 	-3.47973698630137 	-0.00608238564951397 	-0.006112261945225618 	
-9.089438202247191 	-3.455145205479452 	-0.005908359545876838 	-0.005915933918012828 	
-9.079433317049341 	-3.430553424657534 	-0.005764772002543043 	-0.0057676056649295275 	
-9.06942843185149 	-3.4059616438356164 	-0.005607345936997167 	-0.005623587420191397 	
-9.05942354665364 	-3.3813698630136986 	-0.005404988996879733 	-0.005444761940435882 	
-9.049418661455789 	-3.3567780821917808 	-0.005154202930778735 	-0.005215473426447915 	
-9.039413776257938 	-3.332186301369863 	-0.004877938519566493 	-0.004949150952091254 	
-9.029408891060088 	-3.307594520547945 	-0.004610541811657233 	-0.004677942695295024 	
-9.019404005862238 	-3.2830027397260273 	-0.004379264218525907 	-0.004433959191420699 	
-9.009399120664387 	-3.2584109589041095 	-0.004193907360728039 	-0.004234429035740289 	
-8.999394235466536 	-3.2338191780821917 	-0.0040492077060887465 	-0.004078946174693913 	
-8.989389350268686 	-3.209227397260274 	-0.003935432121672823 	-0.003957790098631203 	
-8.979384465070835 	-3.184635616438356 	-0.0038481990343300415 	-0.003863274917865154 	
-8.969379579872985 	-3.160043835616438 	-0.0037910792569263133 	-0.0037958459706192746 	
-8.959374694675134 	-3.1354520547945204 	-0.0037709318575583368 	-0.0037620687610165826 	
-8.949369809477284 	-3.1108602739726026 	-0.003791079256926347 	-0.003767885338196767 	
-8.939364924279433 	-3.0862684931506847 	-0.0038481990343300384 	-0.0038132652778647305 	
-8.929360039081583 	-3.061676712328767 	-0.003935432121672856 	-0.0038925454168792606 	
-8.919355153883732 	-3.037084931506849 	-0.004049207706088778 	-0.0040001009663461025 	
-8.909350268685882 	-3.0124931506849313 	-0.004193907360728053 	-0.0041365902704725045 	
-8.899345383488031 	-2.9879013698630135 	-0.004379264218525937 	-0.004309822380586 	
-8.889340498290181 	-2.9633095890410956 	-0.004610541811657245 	-0.004527709228607277 	
-8.87933561309233 	-2.938717808219178 	-0.0048779385195664915 	-0.0047871407969929695 	
-8.86933072789448 	-2.91412602739726 	-0.005154202930778743 	-0.005067365971588609 	
-8.859325842696629 	-2.889534246575342 	-0.005404988996879712 	-0.005335049044185189 	
-8.84932095749878 	-2.8649424657534244 	-0.00560734593699718 	-0.00556039355258499 	
-8.839316072300928 	-2.8403506849315066 	-0.0057647720025430435 	-0.005734980353073923 	
-8.829311187103078 	-2.8157589041095887 	-0.005908359545876842 	-0.005879351268430282 	
-8.819306301905227 	-2.791167123287671 	-0.006082385649513962 	-0.006034512209642605 	
-8.809301416707378 	-2.766575342465753 	-0.006322730086115677 	-0.006242019436831253 	
-8.799296531509526 	-2.7419835616438353 	-0.0066403952812367 	-0.006524300473080053 	
-8.789291646311675 	-2.7173917808219175 	-0.007017926249337451 	-0.006875541055462086 	
-8.779286761113825 	-2.6927999999999996 	-0.00741800855982765 	-0.007265806373926408 	
-8.769281875915976 	-2.668208219178082 	-0.0077975937354686 	-0.007653562261169243 	
-8.759276990718124 	-2.643616438356164 	-0.008120505105859346 	-0.007999291162929752 	
-8.749272105520273 	-2.619024657534246 	-0.008364376591590547 	-0.008274899540109635 	
-8.739267220322423 	-2.594432876712329 	-0.008520762630199444 	-0.008466637149034837 	
-8.729262335124572 	-2.569841095890411 	-0.008589844007383475 	-0.008571774871472655 	
-8.719257449926722 	-2.545249315068493 	-0.008573899799355064 	-0.008592032340368316 	
-8.709252564728871 	-2.5206575342465753 	-0.008474961929866054 	-0.008529036320465918 	
-8.699247679531021 	-2.4960657534246575 	-0.008299266142120088 	-0.008386115599857432 	
-8.68924279433317 	-2.4714739726027397 	-0.008065240358091313 	-0.008175626353067218 	
-8.67923790913532 	-2.446882191780822 	-0.007807960411770152 	-0.007925652866978888 	
-8.669233023937469 	-2.422290410958904 	-0.007575359967910817 	-0.0076796849786736655 	
-8.65922813873962 	-2.3976986301369863 	-0.0074180464952356044 	-0.007488413550773186 	
-8.649223253541768 	-2.3731068493150684 	-0.007378890795627057 	-0.0073987335546770215 	
-8.639218368343919 	-2.3485150684931506 	-0.007486683630940823 	-0.007445614426863805 	
-8.629213483146067 	-2.323923287671233 	-0.007753117416133625 	-0.0076479896371040934 	
-8.619208597948218 	-2.299331506849315 	-0.008170523033262843 	-0.008006187460889509 	
-8.609203712750366 	-2.2747397260273967 	-0.008711247674078073 	-0.008500123736012484 	
-8.599198827552517 	-2.2501479452054793 	-0.009333520679007777 	-0.00909204750463407 	
-8.589193942354665 	-2.225556164383561 	-0.009996979178724013 	-0.009738503361858143 	
-8.579189057156816 	-2.2009643835616437 	-0.01068332978063085 	-0.010410262589795043 	
-8.569184171958964 	-2.1763726027397254 	-0.011410349225527836 	-0.011110545765857462 	
-8.559179286761115 	-2.151780821917808 	-0.012228025386075043 	-0.01187888806938411 	
-8.549174401563263 	-2.12718904109589 	-0.013195479632592006 	-0.012774737756297665 	
-8.539169516365412 	-2.1025972602739724 	-0.014349807459748546 	-0.013847476414912702 	
-8.529164631167562 	-2.078005479452055 	-0.015683829675452128 	-0.01510881573863592 	
-8.519159745969713 	-2.053413698630137 	-0.017144732340743905 	-0.01652260241404581 	
-8.509154860771861 	-2.0288219178082194 	-0.018653667910969167 	-0.01801697605605713 	
-8.49914997557401 	-2.004230136986301 	-0.020135706184236195 	-0.01951186422033256 	
-8.48914509037616 	-1.9796383561643838 	-0.02154574358346602 	-0.02094807214451868 	
-8.47914020517831 	-1.9550465753424655 	-0.022879546914111454 	-0.02230509513097443 	
-8.46913531998046 	-1.9304547945205481 	-0.024167031627429895 	-0.023601312240662392 	
-8.459130434782608 	-1.9058630136986299 	-0.025453284645412987 	-0.024878825571555706 	
-8.449125549584759 	-1.8812712328767125 	-0.026777963670161744 	-0.026182072213744138 	
-8.439120664386907 	-1.8566794520547942 	-0.028162812011926743 	-0.027541075016510052 	
-8.429115779189058 	-1.8320876712328769 	-0.029610545515483595 	-0.028965702743979575 	
-8.419110893991206 	-1.8074958904109586 	-0.031110715894134642 	-0.030449495618138114 	
-8.409106008793357 	-1.7829041095890412 	-0.032644944559478216 	-0.03197607139178807 	
-8.399101123595505 	-1.758312328767123 	-0.034187402051395636 	-0.03352188191389383 	
-8.389096238397656 	-1.7337205479452056 	-0.035703313743685905 	-0.035055153691925384 	
-8.379091353199804 	-1.7091287671232873 	-0.03715210103794074 	-0.03653663299348989 	
-8.369086468001955 	-1.68453698630137 	-0.03849819386101857 	-0.03792740167484281 	
-8.359081582804103 	-1.6599452054794517 	-0.03972410470015239 	-0.03920191412353338 	
-8.349076697606254 	-1.6353534246575343 	-0.040835496840299496 	-0.04035710427535741 	
-8.339071812408402 	-1.610761643835616 	-0.04185316960588415 	-0.04140934636584253 	
-8.329066927210553 	-1.5861698630136987 	-0.042798467400826976 	-0.04238111941000526 	
-8.319062042012701 	-1.5615780821917804 	-0.043685005579924246 	-0.043288948935095634 	
-8.309057156814852 	-1.536986301369863 	-0.0445237400841446 	-0.044143215075635484 	
-8.299052271617 	-1.5123945205479448 	-0.04533608176639075 	-0.044959388080101706 	
-8.28904738641915 	-1.4878027397260274 	-0.04616286017769031 	-0.04577011883200519 	
-8.2790425012213 	-1.4632109589041091 	-0.04706043180135949 	-0.046627083276877486 	
-8.26903761602345 	-1.4386191780821918 	-0.04808406027929066 	-0.04758896806221727 	
-8.259032730825599 	-1.4140273972602735 	-0.049265890469248425 	-0.0487003535156067 	
-8.249027845627747 	-1.3894356164383561 	-0.05059791875438268 	-0.04997114635272973 	
-8.239022960429898 	-1.3648438356164379 	-0.052029455945044524 	-0.05136711879231186 	
-8.229018075232048 	-1.3402520547945205 	-0.05348295026522795 	-0.05281847429879922 	
-8.219013190034197 	-1.3156602739726022 	-0.054882242891313215 	-0.05424465566724759 	
-8.209008304836345 	-1.2910684931506848 	-0.05617891380148253 	-0.0555835354534105 	
-8.199003419638496 	-1.2664767123287666 	-0.05736274007149689 	-0.056809429289697184 	
-8.188998534440644 	-1.2418849315068492 	-0.058452409489437945 	-0.05793132031573078 	
-8.178993649242795 	-1.217293150684931 	-0.0594745699266592 	-0.058975204503170425 	
-8.168988764044943 	-1.1927013698630136 	-0.06044386433561592 	-0.05996254265556998 	
-8.158983878847094 	-1.1681095890410953 	-0.06135225796565759 	-0.06089545952488508 	
-8.148978993649242 	-1.143517808219178 	-0.06216869375675701 	-0.0617524026575555 	
-8.138974108451393 	-1.1189260273972597 	-0.06284578902169413 	-0.06249226001545046 	
-8.128969223253542 	-1.0943342465753423 	-0.06332954203438625 	-0.06306305154120612 	
-8.118964338055692 	-1.069742465753424 	-0.06356862204856537 	-0.06341153450158313 	
-8.10895945285784 	-1.0451506849315066 	-0.06352103537705342 	-0.06349093984359341 	
-8.098954567659991 	-1.0205589041095893 	-0.06315825289145316 	-0.06326597394253454 	
-8.08894968246214 	-0.995967123287671 	-0.06246894386346259 	-0.06271666550330927 	
-8.078944797264288 	-0.9713753424657536 	-0.061463715984227285 	-0.06184308936287866 	
-8.068939912066439 	-0.9467835616438354 	-0.06017874273274632 	-0.06067018539630964 	
-8.058935026868589 	-0.922191780821918 	-0.05867362163690305 	-0.059248504946404275 	
-8.048930141670738 	-0.8975999999999997 	-0.057020619708452375 	-0.057646858112826514 	
-8.038925256472886 	-0.8730082191780824 	-0.05528749061822928 	-0.05593709900782514 	
-8.028920371275037 	-0.8484164383561641 	-0.05351998928374484 	-0.05417603580607103 	
-8.018915486077187 	-0.8238246575342467 	-0.051730332766356156 	-0.05239101671110616 	
-8.008910600879336 	-0.7992328767123285 	-0.049894980666457894 	-0.050573804976699645 	
-7.998905715681485 	-0.7746410958904111 	-0.04796136415198274 	-0.04868385156211329 	
-7.988900830483635 	-0.7500493150684928 	-0.04585979532234778 	-0.04665849993285242 	
-7.9788959452857835 	-0.7254575342465754 	-0.04351460906877056 	-0.044424824927381895 	
-7.968891060087934 	-0.7008657534246572 	-0.04084914648217023 	-0.041907127956495184 	
-7.9588861748900825 	-0.6762739726027398 	-0.03778323389578772 	-0.03902695969763249 	
-7.948881289692233 	-0.6516821917808215 	-0.034227188659903866 	-0.03569787556348321 	
-7.938876404494382 	-0.6270904109589042 	-0.0300787867455766 	-0.03182103640400765 	
-7.928871519296532 	-0.6024986301369859 	-0.025226464298210283 	-0.027286575185963922 	
-7.918866634098681 	-0.5779068493150685 	-0.01955561049555385 	-0.02197983207918871 	
-7.908861748900831 	-0.5533150684931503 	-0.012951042701099437 	-0.01578620266042096 	
-7.89885686370298 	-0.5287232876712329 	-0.005291509899384702 	-0.008588715762233363 	
-7.88885197850513 	-0.5041315068493146 	0.0035612981454158257 	-0.0002583900572558174 	
-7.878847093307279 	-0.47953972602739725 	0.013773057773228594 	0.0093570992373642 	
-7.868842208109429 	-0.454947945205479 	0.02554287328653217 	0.020441292412800162 	
-7.858837322911578 	-0.4303561643835616 	0.03910670122587273 	0.03321312091382454 	
-7.848832437713727 	-0.40576438356164335 	0.05474180226622296 	0.04793072622515351 	
-7.838827552515877 	-0.381172602739726 	0.07277436517107796 	0.06489777171250799 	
-7.828822667318026 	-0.3565808219178077 	0.09359103928348278 	0.08447335842250402 	
-7.818817782120176 	-0.33198904109589034 	0.11765492585323899 	0.10708625622591689 	
-7.808812896922325 	-0.3073972602739721 	0.1455248399629744 	0.1332532695563161 	
-7.798808011724475 	-0.2828054794520547 	0.17787289981636467 	0.1635981042512977 	
-7.788803126526624 	-0.25821369863013643 	0.21549518716562488 	0.1988645004988683 	
-7.778798241328774 	-0.23362191780821906 	0.25931928220730954 	0.2399225705868861 	
-7.7687933561309235 	-0.2090301369863008 	0.3104264058332899 	0.2877816726850305 	
-7.758788470933073 	-0.18443835616438342 	0.3700976857065541 	0.34363041888412504 	
-7.7487835857352225 	-0.15984657534246516 	0.43981335309323866 	0.4088800470146301 	
-7.738778700537372 	-0.13525479452054778 	0.5209587439009048 	0.48504292862984616 	
-7.728773815339521 	-0.11066301369862952 	0.6138498613117267 	0.5730852115975706 	
-7.718768930141671 	-0.08607123287671214 	0.7159078018183652 	0.6719163972756055 	
-7.70876404494382 	-0.06147945205479388 	0.8196188799341099 	0.7762608558868715 	
-7.69875915974597 	-0.03688767123287651 	0.9119105713339734 	0.8752017066517537 	
-7.688754274548119 	-0.012295890410958243 	0.976619413190241 	0.9532723876206326 	
-7.678749389350269 	0.012295890410959132 	1.0 	0.9949435916456042 	
-7.668744504152418 	0.03688767123287651 	0.9766194131902411 	0.9908321127089788 	
-7.658739618954568 	0.06147945205479477 	0.9119105713339734 	0.9419786758583252 	
-7.648734733756717 	0.08607123287671214 	0.8196188799341098 	0.8593180116950516 	
-7.638729848558867 	0.11066301369863041 	0.7159078018183652 	0.7587337983712811 	
-7.628724963361016 	0.13525479452054778 	0.6138498613117266 	0.6549901250052634 	
-7.618720078163166 	0.15984657534246605 	0.5209587439009048 	0.5579126602685807 	
-7.608715192965315 	0.18443835616438342 	0.43981335309323866 	0.4719054853316431 	
-7.5987103077674645 	0.20903013698630168 	0.37009768570655405 	0.39762120032818615 	
-7.588705422569614 	0.23362191780821906 	0.3104264058332899 	0.3339814101137111 	
-7.5787005373717635 	0.2582136986301373 	0.2593192822073095 	0.2794977739640032 	
-7.568695652173913 	0.2828054794520547 	0.2154951871656249 	0.23280186194324268 	
-7.558690766976063 	0.30739726027397296 	0.17787289981636467 	0.19273402182086502 	
-7.548685881778212 	0.33198904109589034 	0.1455248399629744 	0.15830553668352032 	
-7.538680996580362 	0.3565808219178086 	0.11765492585323895 	0.12866696616976586 	
-7.528676111382511 	0.381172602739726 	0.0935910392834828 	0.10309676388371519 	
-7.518671226184661 	0.40576438356164424 	0.07277436517107796 	0.0809923718249135 	
-7.50866634098681 	0.4303561643835616 	0.054741802266222946 	0.06185459304100579 	
-7.49866145578896 	0.4549479452054799 	0.039106701225872696 	0.045268054524274 	
-7.488656570591109 	0.47953972602739725 	0.025542873286532194 	0.03088348743644475 	
-7.478651685393258 	0.5041315068493155 	0.013773057773228577 	0.01840435725018323 	
-7.468646800195408 	0.5287232876712329 	0.0035612981454158227 	0.007577713153821764 	
-7.458641914997557 	0.5533150684931512 	-0.005291509899384689 	-0.0018112665976790763 	
-7.448637029799707 	0.5779068493150685 	-0.012951042701099445 	-0.00994246957404353 	
-7.438632144601856 	0.6024986301369868 	-0.01955561049555385 	-0.016965251283438443 	
-7.428627259404006 	0.6270904109589042 	-0.025226464298210297 	-0.023007082091274764 	
-7.418622374206155 	0.6516821917808224 	-0.030078786745576618 	-0.02818489539916776 	
-7.408617489008305 	0.6762739726027398 	-0.034227188659903866 	-0.03261324269670085 	
-7.398612603810454 	0.7008657534246581 	-0.03778323389578773 	-0.03640473445775338 	
-7.3886077186126045 	0.7254575342465754 	-0.040849146482170244 	-0.03966459880867314 	
-7.378602833414753 	0.7500493150684937 	-0.04351460906877054 	-0.042486010999352286 	
-7.368597948216903 	0.7746410958904111 	-0.04585979532234778 	-0.0449512693722556 	
-7.358593063019052 	0.7992328767123293 	-0.04796136415198274 	-0.04713769223225958 	
-7.348588177821202 	0.8238246575342467 	-0.04989498066645788 	-0.04912223827000008 	
-7.338583292623351 	0.848416438356165 	-0.05173033276635614 	-0.05097936357326002 	
-7.328578407425501 	0.8730082191780824 	-0.05351998928374482 	-0.05277146782830624 	
-7.31857352222765 	0.8976000000000006 	-0.055287490618229275 	-0.05453623651780643 	
-7.3085686370298 	0.922191780821918 	-0.0570206197084524 	-0.05627706418701031 	
-7.298563751831949 	0.9467835616438363 	-0.05867362163690301 	-0.05796141522170814 	
-7.288558866634099 	0.9713753424657536 	-0.06017874273274631 	-0.05952891016552212 	
-7.278553981436248 	0.9959671232876719 	-0.061463715984227285 	-0.06090716464353839 	
-7.268549096238398 	1.0205589041095893 	-0.06246894386346261 	-0.062029913474734126 	
-7.258544211040547 	1.0451506849315075 	-0.06315825289145316 	-0.06285072412548647 	
-7.248539325842696 	1.069742465753425 	-0.0635210353770534 	-0.06334832244470856 	
-7.238534440644846 	1.0943342465753423 	-0.06356862204856537 	-0.06352474572659211 	
-7.228529555446995 	1.1189260273972605 	-0.06332954203438627 	-0.06340088669873324 	
-7.2185246702491455 	1.143517808219178 	-0.06284578902169415 	-0.06301277198141672 	
-7.208519785051294 	1.1681095890410962 	-0.06216869375675701 	-0.062408178491538534 	
-7.1985148998534445 	1.1927013698630136 	-0.06135225796565759 	-0.06164121282525165 	
-7.188510014655593 	1.2172931506849318 	-0.060443864335615945 	-0.060763793381724746 	
-7.1785051294577435 	1.2418849315068492 	-0.05947456992665919 	-0.059815491348148245 	
-7.168500244259892 	1.2664767123287675 	-0.058452409489437945 	-0.058814830220277364 	
-7.158495359062043 	1.2910684931506848 	-0.05736274007149686 	-0.057756015060719174 	
-7.148490473864191 	1.315660273972603 	-0.05617891380148253 	-0.056615140127930265 	
-7.138485588666342 	1.3402520547945205 	-0.05488224289131321 	-0.055367125416550075 	
-7.12848070346849 	1.3648438356164387 	-0.053482950265227966 	-0.054007928112741174 	
-7.11847581827064 	1.3894356164383561 	-0.05202945594504452 	-0.05257011959001066 	
-7.108470933072789 	1.4140273972602744 	-0.050597918754382694 	-0.0511207017271572 	
-7.098466047874939 	1.4386191780821918 	-0.04926589046924842 	-0.049739949271626435 	
-7.088461162677088 	1.46321095890411 	-0.04808406027929066 	-0.048492116660566104 	
-7.078456277479238 	1.4878027397260274 	-0.04706043180135948 	-0.0474034081896817 	
-7.068451392281387 	1.5123945205479457 	-0.04616286017769031 	-0.04645699681435406 	
-7.058446507083537 	1.536986301369863 	-0.04533608176639076 	-0.04560489523123627 	
-7.0484416218856865 	1.5615780821917813 	-0.04452374008414464 	-0.04478904691141509 	
-7.038436736687836 	1.5861698630136987 	-0.043685005579924246 	-0.04396125520990522 	
-7.0284318514899855 	1.610761643835617 	-0.042798467400826976 	-0.04309281686760723 	
-7.018426966292135 	1.6353534246575343 	-0.04185316960588417 	-0.04217020375848889 	
-7.0084220810942846 	1.6599452054794526 	-0.04083549684029951 	-0.041182087629323634 	
-6.998417195896433 	1.68453698630137 	-0.03972410470015239 	-0.04010976260872737 	
-6.988412310698584 	1.7091287671232882 	-0.038498193861018555 	-0.038930339896695004 	
-6.978407425500732 	1.7337205479452065 	-0.03715210103794075 	-0.03763048867760951 	
-6.968402540302883 	1.758312328767123 	-0.03570331374368591 	-0.036218581013346754 	
-6.958397655105031 	1.7829041095890412 	-0.03418740205139563 	-0.03472477687743076 	
-6.948392769907182 	1.8074958904109595 	-0.0326449445594782 	-0.03318968996068236 	
-6.93838788470933 	1.8320876712328777 	-0.03111071589413465 	-0.03165125500986285 	
-6.928382999511481 	1.8566794520547942 	-0.02961054551548358 	-0.03013831480230171 	
-6.918378114313629 	1.8812712328767125 	-0.02816281201192675 	-0.028671196376932703 	
-6.90837322911578 	1.9058630136986308 	-0.026777963670161734 	-0.027263073444346152 	
-6.898368343917928 	1.930454794520549 	-0.025453284645412983 	-0.025916842084463564 	
-6.888363458720079 	1.9550465753424655 	-0.024167031627429912 	-0.02461876053768014 	
-6.8783585735222275 	1.9796383561643838 	-0.022879546914111454 	-0.02333579901026454 	
-6.868353688324377 	2.004230136986302 	-0.021545743583466025 	-0.022023274043174678 	
-6.8583488031265265 	2.0288219178082203 	-0.020135706184236223 	-0.02064289952841845 	
-6.848343917928676 	2.053413698630137 	-0.018653667910969157 	-0.01918369101090082 	
-6.8383390327308256 	2.078005479452055 	-0.017144732340743905 	-0.017674676221228643 	
-6.828334147532975 	2.1025972602739733 	-0.01568382967545213 	-0.016181209027098256 	
-6.818329262335125 	2.12718904109589 	-0.014349807459748521 	-0.014784170303269513 	
-6.808324377137274 	2.151780821917808 	-0.01319547963259201 	-0.013549980072525848 	
-6.798319491939424 	2.1763726027397263 	-0.012228025386075043 	-0.012505202332068987 	
-6.788314606741573 	2.2009643835616446 	-0.011410349225527848 	-0.011628898114531699 	
-6.778309721543723 	2.225556164383561 	-0.01068332978063087 	-0.01086745808084121 	
-6.768304836345872 	2.2501479452054793 	-0.00999697917872402 	-0.010164179366942439 	
-6.758299951148022 	2.2747397260273976 	-0.009333520679007785 	-0.009487293104919631 	
-6.74829506595017 	2.299331506849316 	-0.008711247674078087 	-0.00884185709855161 	
-6.738290180752321 	2.3239232876712324 	-0.008170523033262846 	-0.008261830103407697 	
-6.728285295554469 	2.3485150684931506 	-0.0077531174161336374 	-0.007790567200984987 	
-6.71828041035662 	2.373106849315069 	-0.007486683630940823 	-0.007462408141530892 	
-6.7082755251587685 	2.397698630136987 	-0.00737889079562706 	-0.007293127509978052 	
-6.698270639960919 	2.4222904109589036 	-0.0074180464952356044 	-0.007278564508282528 	
-6.6882657547630675 	2.446882191780822 	-0.007575359967910807 	-0.007396454963262179 	
-6.678260869565218 	2.47147397260274 	-0.007807960411770145 	-0.007608836754552166 	
-6.6682559843673666 	2.4960657534246584 	-0.008065240358091303 	-0.00786681135414688 	
-6.658251099169517 	2.520657534246575 	-0.008299266142120084 	-0.008119728316056252 	
-6.648246213971666 	2.545249315068493 	-0.00847496192986606 	-0.008326343344549923 	
-6.638241328773815 	2.5698410958904114 	-0.00857389979935506 	-0.008461723775487545 	
-6.628236443575965 	2.5944328767123297 	-0.00858984400738349 	-0.008515749671453968 	
-6.618231558378114 	2.619024657534246 	-0.008520762630199451 	-0.008485573731902235 	
-6.608226673180264 	2.6436164383561644 	-0.008364376591590547 	-0.008368988068322633 	
-6.598221787982413 	2.6682082191780827 	-0.00812050510585934 	-0.008164035562539342 	
-6.588216902784563 	2.692800000000001 	-0.0077975937354685864 	-0.007874481116366946 	
-6.578212017586712 	2.7173917808219175 	-0.007418008559827666 	-0.007516366481786245 	
-6.568207132388862 	2.7419835616438357 	-0.0070179262493374455 	-0.007120626484098734 	
-6.558202247191011 	2.766575342465754 	-0.0066403952812367 	-0.006729078841633034 	
-6.548197361993161 	2.7911671232876722 	-0.006322730086115687 	-0.006383731421567203 	
-6.53819247679531 	2.8157589041095887 	-0.00608238564951397 	-0.006112261945225618 	
-6.52818759159746 	2.840350684931507 	-0.005908359545876838 	-0.005915933918012828 	
-6.5181827063996085 	2.8649424657534253 	-0.005764772002543043 	-0.0057676056649295275 	
-6.508177821201759 	2.8895342465753435 	-0.005607345936997167 	-0.005623587420191397 	
-6.4981729360039076 	2.91412602739726 	-0.005404988996879733 	-0.005444761940435882 	
-6.488168050806058 	2.9387178082191783 	-0.005154202930778735 	-0.005215473426447915 	
-6.478163165608207 	2.9633095890410965 	-0.004877938519566493 	-0.004949150952091254 	
-6.468158280410357 	2.987901369863015 	-0.004610541811657233 	-0.004677942695295024 	
-6.458153395212506 	3.0124931506849313 	-0.004379264218525907 	-0.004433959191420699 	
-6.448148510014656 	3.0370849315068495 	-0.004193907360728039 	-0.004234429035740289 	
-6.438143624816805 	3.061676712328768 	-0.0040492077060887465 	-0.004078946174693913 	
-6.428138739618955 	3.086268493150686 	-0.003935432121672823 	-0.003957790098631203 	
-6.418133854421104 	3.1108602739726026 	-0.0038481990343300415 	-0.003863274917865154 	
-6.408128969223254 	3.135452054794521 	-0.0037910792569263133 	-0.0037958459706192746 	
-6.398124084025403 	3.160043835616439 	-0.0037709318575583368 	-0.0037620687610165826 	
-6.388119198827552 	3.1846356164383556 	-0.003791079256926347 	-0.003767885338196767 	
-6.378114313629702 	3.209227397260274 	-0.0038481990343300384 	-0.0038132652778647305 	
-6.368109428431851 	3.233819178082192 	-0.003935432121672856 	-0.0038925454168792606 	
-6.358104543234001 	3.2584109589041104 	-0.004049207706088778 	-0.0040001009663461025 	
-6.34809965803615 	3.283002739726027 	-0.004193907360728053 	-0.0041365902704725045 	
-6.3380947728383 	3.307594520547945 	-0.004379264218525937 	-0.004309822380586 	
-6.328089887640449 	3.3321863013698634 	-0.004610541811657245 	-0.004527709228607277 	
-6.318085002442599 	3.3567780821917816 	-0.0048779385195664915 	-0.0047871407969929695 	
-6.3080801172447485 	3.381369863013698 	-0.005154202930778743 	-0.005067365971588609 	
-6.298075232046898 	3.4059616438356164 	-0.005404988996879712 	-0.005335049044185189 	
-6.2880703468490475 	3.4305534246575347 	-0.00560734593699718 	-0.00556039355258499 	
-6.278065461651197 	3.455145205479453 	-0.0057647720025430435 	-0.005734980353073923 	
-6.268060576453346 	3.4797369863013694 	-0.005908359545876842 	-0.005879351268430282 	
-6.258055691255496 	3.5043287671232877 	-0.006082385649513962 	-0.006034512209642605 	
-6.248050806057645 	3.528920547945206 	-0.006322730086115677 	-0.006242019436831253 	
-6.238045920859795 	3.553512328767124 	-0.0066403952812367 	-0.006524300473080053 	
-6.228041035661945 	3.5781041095890407 	-0.007017926249337451 	-0.006875541055462086 	
-6.218036150464094 	3.602695890410959 	-0.00741800855982765 	-0.007265806373926408 	
-6.208031265266243 	3.627287671232877 	-0.0077975937354686 	-0.007653562261169243 	
-6.198026380068392 	3.6518794520547955 	-0.008120505105859346 	-0.007999291162929752 	
-6.188021494870542 	3.676471232876712 	-0.008364376591590547 	-0.008274899540109635 	
-6.178016609672691 	3.70106301369863 	-0.008520762630199444 	-0.008466637149034837 	
-6.168011724474841 	3.7256547945205485 	-0.008589844007383475 	-0.008571774871472655 	
-6.15800683927699 	3.7502465753424667 	-0.008573899799355064 	-0.008592032340368316 	
-6.14800195407914 	3.7748383561643832 	-0.008474961929866054 	-0.008529036320465918 	
-6.1379970688812895 	3.7994301369863015 	-0.008299266142120088 	-0.008386115599857432 	
-6.127992183683439 	3.8240219178082198 	-0.008065240358091313 	-0.008175626353067218 	
-6.1179872984855885 	3.848613698630138 	-0.007807960411770152 	-0.007925652866978888 	
-6.107982413287738 	3.8732054794520545 	-0.007575359967910817 	-0.0076796849786736655 	
-6.097977528089888 	3.8977972602739728 	-0.0074180464952356044 	-0.007488413550773186 	
-6.087972642892037 	3.922389041095891 	-0.007378890795627057 	-0.0073987335546770215 	
-6.077967757694187 	3.9469808219178093 	-0.007486683630940823 	-0.007445614426863805 	
-6.067962872496336 	3.971572602739726 	-0.007753117416133625 	-0.0076479896371040934 	
-6.057957987298486 	3.996164383561644 	-0.008170523033262843 	-0.008006187460889509 	
-6.047953102100635 	4.020756164383562 	-0.008711247674078073 	-0.008500123736012484 	
-6.037948216902785 	4.045347945205481 	-0.009333520679007777 	-0.00909204750463407 	
-6.027943331704934 	4.069939726027397 	-0.009996979178724013 	-0.009738503361858143 	
-6.017938446507084 	4.094531506849315 	-0.01068332978063085 	-0.010410262589795043 	
-6.007933561309233 	4.119123287671234 	-0.011410349225527836 	-0.011110545765857462 	
-5.997928676111383 	4.143715068493152 	-0.012228025386075043 	-0.01187888806938411 	
-5.987923790913532 	4.168306849315068 	-0.013195479632592006 	-0.012774737756297665 	
-5.977918905715682 	4.192898630136987 	-0.014349807459748546 	-0.013847476414912702 	
-5.9679140205178305 	4.217490410958905 	-0.015683829675452128 	-0.01510881573863592 	
-5.95790913531998 	4.242082191780821 	-0.017144732340743905 	-0.01652260241404581 	
-5.9479042501221295 	4.26667397260274 	-0.018653667910969167 	-0.01801697605605713 	
-5.937899364924279 	4.291265753424658 	-0.020135706184236195 	-0.01951186422033256 	
-5.927894479726429 	4.315857534246576 	-0.02154574358346602 	-0.02094807214451868 	
-5.917889594528578 	4.340449315068493 	-0.022879546914111454 	-0.02230509513097443 	
-5.907884709330728 	4.365041095890411 	-0.024167031627429895 	-0.023601312240662392 	
-5.897879824132877 	4.389632876712329 	-0.025453284645412987 	-0.024878825571555706 	
-5.887874938935027 	4.414224657534247 	-0.026777963670161744 	-0.026182072213744138 	
-5.877870053737176 	4.438816438356164 	-0.028162812011926743 	-0.027541075016510052 	
-5.867865168539326 	4.463408219178082 	-0.029610545515483595 	-0.028965702743979575 	
-5.857860283341475 	4.488 	-0.031110715894134642 	-0.030449495618138114 	
-5.847855398143625 	4.512591780821919 	-0.032644944559478216 	-0.03197607139178807 	
-5.837850512945774 	4.537183561643835 	-0.034187402051395636 	-0.03352188191389383 	
-5.827845627747924 	4.5617753424657534 	-0.035703313743685905 	-0.035055153691925384 	
-5.817840742550073 	4.586367123287672 	-0.03715210103794074 	-0.03653663299348989 	
-5.807835857352223 	4.61095890410959 	-0.03849819386101857 	-0.03792740167484281 	
-5.797830972154372 	4.6355506849315065 	-0.03972410470015239 	-0.03920191412353338 	
-5.787826086956522 	4.660142465753425 	-0.040835496840299496 	-0.04035710427535741 	
-5.777821201758671 	4.684734246575343 	-0.04185316960588415 	-0.04140934636584253 	
-5.767816316560821 	4.709326027397261 	-0.042798467400826976 	-0.04238111941000526 	
-5.7578114313629705 	4.733917808219178 	-0.043685005579924246 	-0.043288948935095634 	
-5.74780654616512 	4.758509589041096 	-0.0445237400841446 	-0.044143215075635484 	
-5.7378016609672695 	4.783101369863014 	-0.04533608176639075 	-0.044959388080101706 	
-5.727796775769419 	4.8076931506849325 	-0.04616286017769031 	-0.04577011883200519 	
-5.717791890571568 	4.832284931506849 	-0.04706043180135949 	-0.046627083276877486 	
-5.707787005373717 	4.856876712328767 	-0.04808406027929066 	-0.04758896806221727 	
-5.697782120175867 	4.8814684931506855 	-0.049265890469248425 	-0.0487003535156067 	
-5.687777234978016 	4.906060273972604 	-0.05059791875438268 	-0.04997114635272973 	
-5.677772349780166 	4.93065205479452 	-0.052029455945044524 	-0.05136711879231186 	
-5.667767464582315 	4.9552438356164386 	-0.05348295026522795 	-0.05281847429879922 	
-5.657762579384465 	4.979835616438357 	-0.054882242891313215 	-0.05424465566724759 	
-5.647757694186614 	5.004427397260275 	-0.05617891380148253 	-0.0555835354534105 	
-5.637752808988764 	5.029019178082192 	-0.05736274007149689 	-0.056809429289697184 	
-5.627747923790913 	5.05361095890411 	-0.058452409489437945 	-0.05793132031573078 	
-5.617743038593063 	5.078202739726028 	-0.0594745699266592 	-0.058975204503170425 	
-5.607738153395212 	5.102794520547946 	-0.06044386433561592 	-0.05996254265556998 	
-5.597733268197362 	5.127386301369863 	-0.06135225796565759 	-0.06089545952488508 	
-5.5877283829995115 	5.151978082191781 	-0.06216869375675701 	-0.0617524026575555 	
-5.577723497801661 	5.176569863013699 	-0.06284578902169413 	-0.06249226001545046 	
-5.5677186126038105 	5.201161643835618 	-0.06332954203438625 	-0.06306305154120612 	
-5.55771372740596 	5.225753424657534 	-0.06356862204856537 	-0.06341153450158313 	
-5.54770884220811 	5.250345205479452 	-0.06352103537705342 	-0.06349093984359341 	
-5.537703957010259 	5.274936986301371 	-0.06315825289145316 	-0.06326597394253454 	
-5.527699071812409 	5.299528767123287 	-0.06246894386346259 	-0.06271666550330927 	
-5.517694186614558 	5.324120547945205 	-0.061463715984227285 	-0.06184308936287866 	
-5.507689301416708 	5.348712328767124 	-0.06017874273274632 	-0.06067018539630964 	
-5.497684416218857 	5.373304109589042 	-0.05867362163690305 	-0.059248504946404275 	
-5.487679531021007 	5.397895890410958 	-0.057020619708452375 	-0.057646858112826514 	
-5.477674645823155 	5.422487671232877 	-0.05528749061822928 	-0.05593709900782514 	
-5.467669760625305 	5.447079452054795 	-0.05351998928374484 	-0.05417603580607103 	
-5.457664875427454 	5.471671232876713 	-0.051730332766356156 	-0.05239101671110616 	
-5.447659990229604 	5.49626301369863 	-0.049894980666457894 	-0.050573804976699645 	
-5.437655105031753 	5.520854794520548 	-0.04796136415198274 	-0.04868385156211329 	
-5.427650219833903 	5.545446575342466 	-0.04585979532234778 	-0.04665849993285242 	
-5.4176453346360525 	5.5700383561643845 	-0.04351460906877056 	-0.044424824927381895 	
-5.407640449438202 	5.594630136986301 	-0.04084914648217023 	-0.041907127956495184 	
-5.3976355642403515 	5.619221917808219 	-0.03778323389578772 	-0.03902695969763249 	
-5.387630679042501 	5.6438136986301375 	-0.034227188659903866 	-0.03569787556348321 	
-5.377625793844651 	5.668405479452056 	-0.0300787867455766 	-0.03182103640400765 	
-5.3676209086468 	5.692997260273972 	-0.025226464298210283 	-0.027286575185963922 	
-5.35761602344895 	5.7175890410958905 	-0.01955561049555385 	-0.02197983207918871 	
-5.347611138251099 	5.742180821917809 	-0.012951042701099437 	-0.01578620266042096 	
-5.337606253053249 	5.766772602739727 	-0.005291509899384702 	-0.008588715762233363 	
-5.327601367855398 	5.7913643835616435 	0.0035612981454158257 	-0.0002583900572558174 	
-5.317596482657548 	5.815956164383562 	0.013773057773228594 	0.0093570992373642 	
-5.307591597459697 	5.84054794520548 	0.02554287328653217 	0.020441292412800162 	
-5.297586712261847 	5.865139726027398 	0.03910670122587273 	0.03321312091382454 	
-5.287581827063996 	5.889731506849315 	0.05474180226622296 	0.04793072622515351 	
-5.277576941866146 	5.914323287671233 	0.07277436517107796 	0.06489777171250799 	
-5.267572056668295 	5.938915068493151 	0.09359103928348278 	0.08447335842250402 	
-5.257567171470445 	5.96350684931507 	0.11765492585323899 	0.10708625622591689 	
-5.247562286272594 	5.988098630136986 	0.1455248399629744 	0.1332532695563161 	
-5.237557401074743 	6.012690410958904 	0.17787289981636467 	0.1635981042512977 	
-5.2275525158768925 	6.037282191780823 	0.21549518716562488 	0.1988645004988683 	
-5.217547630679042 	6.061873972602741 	0.25931928220730954 	0.2399225705868861 	
-5.207542745481192 	6.086465753424657 	0.3104264058332899 	0.2877816726850305 	
-5.197537860283341 	6.111057534246576 	0.3700976857065541 	0.34363041888412504 	
-5.187532975085491 	6.135649315068494 	0.43981335309323866 	0.4088800470146301 	
-5.17752808988764 	6.160241095890412 	0.5209587439009048 	0.48504292862984616 	
-5.16752320468979 	6.184832876712329 	0.6138498613117267 	0.5730852115975706 	
-5.157518319491939 	6.209424657534247 	0.7159078018183652 	0.6719163972756055 	
-5.147513434294089 	6.234016438356165 	0.8196188799341099 	0.7762608558868715 	
-5.137508549096238 	6.258608219178083 	0.9119105713339734 	0.8752017066517537 	
-5.127503663898388 	6.2832 	0.976619413190241 	0.9532723876206326 	
-5.117498778700537 	- 	- 	- 	
-5.107493893502687 	- 	- 	- 	
-5.097489008304836 	- 	- 	- 	
-5.087484123106986 	- 	- 	- 	
-5.077479237909135 	- 	- 	- 	
-5.067474352711285 	- 	- 	- 	
-5.057469467513434 	- 	- 	- 	
-5.047464582315584 	- 	- 	- 	
-5.0374596971177334 	- 	- 	- 	
-5.027454811919883 	- 	- 	- 	
-5.0174499267220325 	- 	- 	- 	
-5.007445041524182 	- 	- 	- 	
-4.9974401563263315 	- 	- 	- 	
-4.98743527112848 	- 	- 	- 	
-4.97743038593063 	- 	- 	- 	
-4.967425500732779 	- 	- 	- 	
-4.957420615534929 	- 	- 	- 	
-4.947415730337078 	- 	- 	- 	
-4.937410845139228 	- 	- 	- 	
-4.927405959941377 	- 	- 	- 	
-4.917401074743527 	- 	- 	- 	
-4.907396189545676 	- 	- 	- 	
-4.897391304347826 	- 	- 	- 	
-4.887386419149975 	- 	- 	- 	
-4.877381533952125 	- 	- 	- 	
-4.8673766487542744 	- 	- 	- 	
-4.857371763556424 	- 	- 	- 	
-4.8473668783585735 	- 	- 	- 	
-4.837361993160723 	- 	- 	- 	
-4.8273571079628725 	- 	- 	- 	
-4.817352222765022 	- 	- 	- 	
-4.807347337567172 	- 	- 	- 	
-4.797342452369321 	- 	- 	- 	
-4.787337567171471 	- 	- 	- 	
-4.77733268197362 	- 	- 	- 	
-4.76732779677577 	- 	- 	- 	
-4.757322911577919 	- 	- 	- 	
-4.747318026380068 	- 	- 	- 	
-4.737313141182217 	- 	- 	- 	
-4.727308255984367 	- 	- 	- 	
-4.717303370786516 	- 	- 	- 	
-4.707298485588666 	- 	- 	- 	
-4.6972936003908154 	- 	- 	- 	
-4.687288715192965 	- 	- 	- 	
-4.6772838299951145 	- 	- 	- 	
-4.667278944797264 	- 	- 	- 	
-4.6572740595994135 	- 	- 	- 	
-4.647269174401563 	- 	- 	- 	
-4.637264289203713 	- 	- 	- 	
-4.627259404005862 	- 	- 	- 	
-4.617254518808012 	- 	- 	- 	
-4.607249633610161 	- 	- 	- 	
-4.597244748412311 	- 	- 	- 	
-4.58723986321446 	- 	- 	- 	
-4.57723497801661 	- 	- 	- 	
-4.567230092818759 	- 	- 	- 	
-4.557225207620909 	- 	- 	- 	
-4.547220322423058 	- 	- 	- 	
-4.537215437225208 	- 	- 	- 	
-4.527210552027357 	- 	- 	- 	
-4.517205666829507 	- 	- 	- 	
-4.5072007816316555 	- 	- 	- 	
-4.497195896433805 	- 	- 	- 	
-4.4871910112359545 	- 	- 	- 	
-4.477186126038104 	- 	- 	- 	
-4.467181240840254 	- 	- 	- 	
-4.457176355642403 	- 	- 	- 	
-4.447171470444553 	- 	- 	- 	
-4.437166585246702 	- 	- 	- 	
-4.427161700048852 	- 	- 	- 	
-4.417156814851001 	- 	- 	- 	
-4.407151929653151 	- 	- 	- 	
-4.3971470444553 	- 	- 	- 	
-4.38714215925745 	- 	- 	- 	
-4.377137274059599 	- 	- 	- 	
-4.367132388861749 	- 	- 	- 	
-4.357127503663898 	- 	- 	- 	
-4.347122618466048 	- 	- 	- 	
-4.337117733268197 	- 	- 	- 	
-4.327112848070347 	- 	- 	- 	
-4.317107962872496 	- 	- 	- 	
-4.307103077674646 	- 	- 	- 	
-4.2970981924767955 	- 	- 	- 	
-4.287093307278945 	- 	- 	- 	
-4.2770884220810945 	- 	- 	- 	
-4.267083536883244 	- 	- 	- 	
-4.257078651685393 	- 	- 	- 	
-4.247073766487542 	- 	- 	- 	
-4.237068881289692 	- 	- 	- 	
-4.227063996091841 	- 	- 	- 	
-4.217059110893991 	- 	- 	- 	
-4.20705422569614 	- 	- 	- 	
-4.19704934049829 	- 	- 	- 	
-4.187044455300439 	- 	- 	- 	
-4.177039570102589 	- 	- 	- 	
-4.167034684904738 	- 	- 	- 	
-4.157029799706888 	- 	- 	- 	
-4.147024914509037 	- 	- 	- 	
-4.137020029311187 	- 	- 	- 	
-4.1270151441133365 	- 	- 	- 	
-4.117010258915486 	- 	- 	- 	
-4.1070053737176355 	- 	- 	- 	
-4.097000488519785 	- 	- 	- 	
-4.086995603321935 	- 	- 	- 	
-4.076990718124084 	- 	- 	- 	
-4.066985832926234 	- 	- 	- 	
-4.056980947728383 	- 	- 	- 	
-4.046976062530533 	- 	- 	- 	
-4.036971177332682 	- 	- 	- 	
-4.026966292134832 	- 	- 	- 	
-4.01696140693698 	- 	- 	- 	
-4.00695652173913 	- 	- 	- 	
-3.9969516365412794 	- 	- 	- 	
-3.986946751343429 	- 	- 	- 	
-3.9769418661455784 	- 	- 	- 	
-3.966936980947728 	- 	- 	- 	
-3.9569320957498775 	- 	- 	- 	
-3.946927210552027 	- 	- 	- 	
-3.9369223253541765 	- 	- 	- 	
-3.926917440156326 	- 	- 	- 	
-3.9169125549584756 	- 	- 	- 	
-3.906907669760625 	- 	- 	- 	
-3.8969027845627746 	- 	- 	- 	
-3.886897899364924 	- 	- 	- 	
-3.8768930141670737 	- 	- 	- 	
-3.866888128969223 	- 	- 	- 	
-3.8568832437713727 	- 	- 	- 	
-3.8468783585735222 	- 	- 	- 	
-3.8368734733756718 	- 	- 	- 	
-3.8268685881778213 	- 	- 	- 	
-3.816863702979971 	- 	- 	- 	
-3.8068588177821203 	- 	- 	- 	
-3.79685393258427 	- 	- 	- 	
-3.7868490473864194 	- 	- 	- 	
-3.776844162188569 	- 	- 	- 	
-3.7668392769907175 	- 	- 	- 	
-3.756834391792867 	- 	- 	- 	
-3.7468295065950166 	- 	- 	- 	
-3.736824621397166 	- 	- 	- 	
-3.7268197361993156 	- 	- 	- 	
-3.716814851001465 	- 	- 	- 	
-3.7068099658036147 	- 	- 	- 	
-3.696805080605764 	- 	- 	- 	
-3.6868001954079137 	- 	- 	- 	
-3.6767953102100632 	- 	- 	- 	
-3.6667904250122128 	- 	- 	- 	
-3.6567855398143623 	- 	- 	- 	
-3.646780654616512 	- 	- 	- 	
-3.6367757694186613 	- 	- 	- 	
-3.626770884220811 	- 	- 	- 	
-3.6167659990229604 	- 	- 	- 	
-3.60676111382511 	- 	- 	- 	
-3.5967562286272594 	- 	- 	- 	
-3.586751343429409 	- 	- 	- 	
-3.5767464582315585 	- 	- 	- 	
-3.566741573033708 	- 	- 	- 	
-3.5567366878358575 	- 	- 	- 	
-3.546731802638007 	- 	- 	- 	
-3.5367269174401565 	- 	- 	- 	
-3.526722032242305 	- 	- 	- 	
-3.5167171470444547 	- 	- 	- 	
-3.5067122618466042 	- 	- 	- 	
-3.4967073766487538 	- 	- 	- 	
-3.4867024914509033 	- 	- 	- 	
-3.476697606253053 	- 	- 	- 	
-3.4666927210552023 	- 	- 	- 	
-3.456687835857352 	- 	- 	- 	
-3.4466829506595014 	- 	- 	- 	
-3.436678065461651 	- 	- 	- 	
-3.4266731802638004 	- 	- 	- 	
-3.41666829506595 	- 	- 	- 	
-3.4066634098680995 	- 	- 	- 	
-3.396658524670249 	- 	- 	- 	
-3.3866536394723985 	- 	- 	- 	
-3.376648754274548 	- 	- 	- 	
-3.3666438690766975 	- 	- 	- 	
-3.356638983878847 	- 	- 	- 	
-3.3466340986809966 	- 	- 	- 	
-3.336629213483146 	- 	- 	- 	
-3.3266243282852956 	- 	- 	- 	
-3.316619443087445 	- 	- 	- 	
-3.3066145578895947 	- 	- 	- 	
-3.296609672691744 	- 	- 	- 	
-3.286604787493893 	- 	- 	- 	
-3.2765999022960424 	- 	- 	- 	
-3.266595017098192 	- 	- 	- 	
-3.2565901319003414 	- 	- 	- 	
-3.246585246702491 	- 	- 	- 	
-3.2365803615046405 	- 	- 	- 	
-3.22657547630679 	- 	- 	- 	
-3.2165705911089395 	- 	- 	- 	
-3.206565705911089 	- 	- 	- 	
-3.1965608207132385 	- 	- 	- 	
-3.186555935515388 	- 	- 	- 	
-3.1765510503175376 	- 	- 	- 	
-3.166546165119687 	- 	- 	- 	
-3.1565412799218366 	- 	- 	- 	
-3.146536394723986 	- 	- 	- 	
-3.1365315095261357 	- 	- 	- 	
-3.126526624328285 	- 	- 	- 	
-3.1165217391304347 	- 	- 	- 	
-3.1065168539325843 	- 	- 	- 	
-3.0965119687347338 	- 	- 	- 	
-3.0865070835368833 	- 	- 	- 	
-3.076502198339033 	- 	- 	- 	
-3.0664973131411823 	- 	- 	- 	
-3.056492427943332 	- 	- 	- 	
-3.0464875427454814 	- 	- 	- 	
-3.03648265754763 	- 	- 	- 	
-3.0264777723497795 	- 	- 	- 	
-3.016472887151929 	- 	- 	- 	
-3.0064680019540786 	- 	- 	- 	
-2.996463116756228 	- 	- 	- 	
-2.9864582315583776 	- 	- 	- 	
-2.976453346360527 	- 	- 	- 	
-2.9664484611626767 	- 	- 	- 	
-2.956443575964826 	- 	- 	- 	
-2.9464386907669757 	- 	- 	- 	
-2.9364338055691253 	- 	- 	- 	
-2.9264289203712748 	- 	- 	- 	
-2.9164240351734243 	- 	- 	- 	
-2.906419149975574 	- 	- 	- 	
-2.8964142647777233 	- 	- 	- 	
-2.886409379579873 	- 	- 	- 	
-2.8764044943820224 	- 	- 	- 	
-2.866399609184172 	- 	- 	- 	
-2.8563947239863214 	- 	- 	- 	
-2.846389838788471 	- 	- 	- 	
-2.8363849535906205 	- 	- 	- 	
-2.82638006839277 	- 	- 	- 	
-2.8163751831949195 	- 	- 	- 	
-2.806370297997069 	- 	- 	- 	
-2.7963654127992177 	- 	- 	- 	
-2.786360527601367 	- 	- 	- 	
-2.7763556424035167 	- 	- 	- 	
-2.7663507572056663 	- 	- 	- 	
-2.756345872007816 	- 	- 	- 	
-2.7463409868099653 	- 	- 	- 	
-2.736336101612115 	- 	- 	- 	
-2.7263312164142643 	- 	- 	- 	
-2.716326331216414 	- 	- 	- 	
-2.7063214460185634 	- 	- 	- 	
-2.696316560820713 	- 	- 	- 	
-2.6863116756228624 	- 	- 	- 	
-2.676306790425012 	- 	- 	- 	
-2.6663019052271615 	- 	- 	- 	
-2.656297020029311 	- 	- 	- 	
-2.6462921348314605 	- 	- 	- 	
-2.63628724963361 	- 	- 	- 	
-2.6262823644357596 	- 	- 	- 	
-2.616277479237909 	- 	- 	- 	
-2.6062725940400586 	- 	- 	- 	
-2.596267708842208 	- 	- 	- 	
-2.5862628236443577 	- 	- 	- 	
-2.576257938446507 	- 	- 	- 	
-2.5662530532486567 	- 	- 	- 	
-2.5562481680508053 	- 	- 	- 	
-2.546243282852955 	- 	- 	- 	
-2.5362383976551044 	- 	- 	- 	
-2.526233512457254 	- 	- 	- 	
-2.5162286272594034 	- 	- 	- 	
-2.506223742061553 	- 	- 	- 	
-2.4962188568637025 	- 	- 	- 	
-2.486213971665852 	- 	- 	- 	
-2.4762090864680015 	- 	- 	- 	
-2.466204201270151 	- 	- 	- 	
-2.4561993160723006 	- 	- 	- 	
-2.44619443087445 	- 	- 	- 	
-2.4361895456765996 	- 	- 	- 	
-2.426184660478749 	- 	- 	- 	
-2.4161797752808987 	- 	- 	- 	
-2.406174890083048 	- 	- 	- 	
-2.3961700048851977 	- 	- 	- 	
-2.3861651196873472 	- 	- 	- 	
-2.3761602344894968 	- 	- 	- 	
-2.3661553492916463 	- 	- 	- 	
-2.356150464093796 	- 	- 	- 	
-2.3461455788959453 	- 	- 	- 	
-2.336140693698095 	- 	- 	- 	
-2.3261358085002444 	- 	- 	- 	
-2.316130923302394 	- 	- 	- 	
-2.3061260381045425 	- 	- 	- 	
-2.296121152906692 	- 	- 	- 	
-2.2861162677088416 	- 	- 	- 	
-2.276111382510991 	- 	- 	- 	
-2.2661064973131406 	- 	- 	- 	
-2.25610161211529 	- 	- 	- 	
-2.2460967269174397 	- 	- 	- 	
-2.23609184171959 	- 	- 	- 	
-2.2260869565217387 	- 	- 	- 	
-2.216082071323889 	- 	- 	- 	
-2.2060771861260378 	- 	- 	- 	
-2.196072300928188 	- 	- 	- 	
-2.186067415730337 	- 	- 	- 	
-2.1760625305324854 	- 	- 	- 	
-2.166057645334636 	- 	- 	- 	
-2.1560527601367845 	- 	- 	- 	
-2.146047874938935 	- 	- 	- 	
-2.1360429897410835 	- 	- 	- 	
-2.126038104543234 	- 	- 	- 	
-2.1160332193453826 	- 	- 	- 	
-2.106028334147533 	- 	- 	- 	
-2.0960234489496816 	- 	- 	- 	
-2.086018563751832 	- 	- 	- 	
-2.0760136785539807 	- 	- 	- 	
-2.066008793356131 	- 	- 	- 	
-2.0560039081582797 	- 	- 	- 	
-2.04599902296043 	- 	- 	- 	
-2.0359941377625788 	- 	- 	- 	
-2.025989252564729 	- 	- 	- 	
-2.015984367366878 	- 	- 	- 	
-2.005979482169028 	- 	- 	- 	
-1.9959745969711769 	- 	- 	- 	
-1.9859697117733273 	- 	- 	- 	
-1.975964826575476 	- 	- 	- 	
-1.9659599413776263 	- 	- 	- 	
-1.955955056179775 	- 	- 	- 	
-1.9459501709819236 	- 	- 	- 	
-1.935945285784074 	- 	- 	- 	
-1.9259404005862226 	- 	- 	- 	
-1.915935515388373 	- 	- 	- 	
-1.9059306301905217 	- 	- 	- 	
-1.895925744992672 	- 	- 	- 	
-1.8859208597948207 	- 	- 	- 	
-1.8759159745969711 	- 	- 	- 	
-1.8659110893991198 	- 	- 	- 	
-1.8559062042012702 	- 	- 	- 	
-1.8459013190034188 	- 	- 	- 	
-1.8358964338055692 	- 	- 	- 	
-1.8258915486077179 	- 	- 	- 	
-1.8158866634098683 	- 	- 	- 	
-1.805881778212017 	- 	- 	- 	
-1.7958768930141673 	- 	- 	- 	
-1.785872007816316 	- 	- 	- 	
-1.7758671226184664 	- 	- 	- 	
-1.765862237420615 	- 	- 	- 	
-1.7558573522227654 	- 	- 	- 	
-1.745852467024914 	- 	- 	- 	
-1.7358475818270644 	- 	- 	- 	
-1.725842696629213 	- 	- 	- 	
-1.7158378114313635 	- 	- 	- 	
-1.7058329262335121 	- 	- 	- 	
-1.6958280410356608 	- 	- 	- 	
-1.6858231558378112 	- 	- 	- 	
-1.6758182706399598 	- 	- 	- 	
-1.6658133854421102 	- 	- 	- 	
-1.6558085002442589 	- 	- 	- 	
-1.6458036150464093 	- 	- 	- 	
-1.635798729848558 	- 	- 	- 	
-1.6257938446507083 	- 	- 	- 	
-1.615788959452857 	- 	- 	- 	
-1.6057840742550074 	- 	- 	- 	
-1.595779189057156 	- 	- 	- 	
-1.5857743038593064 	- 	- 	- 	
-1.575769418661455 	- 	- 	- 	
-1.5657645334636054 	- 	- 	- 	
-1.555759648265754 	- 	- 	- 	
-1.5457547630679045 	- 	- 	- 	
-1.5357498778700531 	- 	- 	- 	
-1.5257449926722035 	- 	- 	- 	
-1.5157401074743522 	- 	- 	- 	
-1.5057352222765026 	- 	- 	- 	
-1.4957303370786512 	- 	- 	- 	
-1.4857254518808016 	- 	- 	- 	
-1.4757205666829503 	- 	- 	- 	
-1.4657156814851007 	- 	- 	- 	
-1.4557107962872493 	- 	- 	- 	
-1.445705911089398 	- 	- 	- 	
-1.4357010258915484 	- 	- 	- 	
-1.425696140693697 	- 	- 	- 	
-1.4156912554958474 	- 	- 	- 	
-1.405686370297996 	- 	- 	- 	
-1.3956814851001464 	- 	- 	- 	
-1.385676599902295 	- 	- 	- 	
-1.3756717147044455 	- 	- 	- 	
-1.3656668295065941 	- 	- 	- 	
-1.3556619443087445 	- 	- 	- 	
-1.3456570591108932 	- 	- 	- 	
-1.3356521739130436 	- 	- 	- 	
-1.3256472887151922 	- 	- 	- 	
-1.3156424035173426 	- 	- 	- 	
-1.3056375183194913 	- 	- 	- 	
-1.2956326331216417 	- 	- 	- 	
-1.2856277479237903 	- 	- 	- 	
-1.2756228627259407 	- 	- 	- 	
-1.2656179775280894 	- 	- 	- 	
-1.2556130923302398 	- 	- 	- 	
-1.2456082071323884 	- 	- 	- 	
-1.2356033219345388 	- 	- 	- 	
-1.2255984367366874 	- 	- 	- 	
-1.2155935515388379 	- 	- 	- 	
-1.2055886663409865 	- 	- 	- 	
-1.1955837811431351 	- 	- 	- 	
-1.1855788959452855 	- 	- 	- 	
-1.1755740107474342 	- 	- 	- 	
-1.1655691255495846 	- 	- 	- 	
-1.1555642403517332 	- 	- 	- 	
-1.1455593551538836 	- 	- 	- 	
-1.1355544699560323 	- 	- 	- 	
-1.1255495847581827 	- 	- 	- 	
-1.1155446995603313 	- 	- 	- 	
-1.1055398143624817 	- 	- 	- 	
-1.0955349291646304 	- 	- 	- 	
-1.0855300439667808 	- 	- 	- 	
-1.0755251587689294 	- 	- 	- 	
-1.0655202735710798 	- 	- 	- 	
-1.0555153883732284 	- 	- 	- 	
-1.0455105031753789 	- 	- 	- 	
-1.0355056179775275 	- 	- 	- 	
-1.025500732779678 	- 	- 	- 	
-1.0154958475818265 	- 	- 	- 	
-1.005490962383977 	- 	- 	- 	
-0.9954860771861256 	- 	- 	- 	
-0.985481191988276 	- 	- 	- 	
-0.9754763067904246 	- 	- 	- 	
-0.9654714215925733 	- 	- 	- 	
-0.9554665363947237 	- 	- 	- 	
-0.9454616511968723 	- 	- 	- 	
-0.9354567659990227 	- 	- 	- 	
-0.9254518808011714 	- 	- 	- 	
-0.9154469956033218 	- 	- 	- 	
-0.9054421104054704 	- 	- 	- 	
-0.8954372252076208 	- 	- 	- 	
-0.8854323400097694 	- 	- 	- 	
-0.8754274548119199 	- 	- 	- 	
-0.8654225696140685 	- 	- 	- 	
-0.8554176844162189 	- 	- 	- 	
-0.8454127992183675 	- 	- 	- 	
-0.835407914020518 	- 	- 	- 	
-0.8254030288226666 	- 	- 	- 	
-0.815398143624817 	- 	- 	- 	
-0.8053932584269656 	- 	- 	- 	
-0.795388373229116 	- 	- 	- 	
-0.7853834880312647 	- 	- 	- 	
-0.7753786028334151 	- 	- 	- 	
-0.7653737176355637 	- 	- 	- 	
-0.7553688324377141 	- 	- 	- 	
-0.7453639472398628 	- 	- 	- 	
-0.7353590620420132 	- 	- 	- 	
-0.7253541768441618 	- 	- 	- 	
-0.7153492916463104 	- 	- 	- 	
-0.7053444064484609 	- 	- 	- 	
-0.6953395212506095 	- 	- 	- 	
-0.6853346360527599 	- 	- 	- 	
-0.6753297508549085 	- 	- 	- 	
-0.665324865657059 	- 	- 	- 	
-0.6553199804592076 	- 	- 	- 	
-0.645315095261358 	- 	- 	- 	
-0.6353102100635066 	- 	- 	- 	
-0.625305324865657 	- 	- 	- 	
-0.6153004396678057 	- 	- 	- 	
-0.6052955544699561 	- 	- 	- 	
-0.5952906692721047 	- 	- 	- 	
-0.5852857840742551 	- 	- 	- 	
-0.5752808988764038 	- 	- 	- 	
-0.5652760136785542 	- 	- 	- 	
-0.5552711284807028 	- 	- 	- 	
-0.5452662432828532 	- 	- 	- 	
-0.5352613580850019 	- 	- 	- 	
-0.5252564728871523 	- 	- 	- 	
-0.5152515876893009 	- 	- 	- 	
-0.5052467024914513 	- 	- 	- 	
-0.49524181729359995 	- 	- 	- 	
-0.48523693209575036 	- 	- 	- 	
-0.475232046897899 	- 	- 	- 	
-0.46522716170004763 	- 	- 	- 	
-0.45522227650219804 	- 	- 	- 	
-0.4452173913043467 	- 	- 	- 	
-0.4352125061064971 	- 	- 	- 	
-0.4252076209086457 	- 	- 	- 	
-0.41520273571079613 	- 	- 	- 	
-0.40519785051294477 	- 	- 	- 	
-0.3951929653150952 	- 	- 	- 	
-0.3851880801172438 	- 	- 	- 	
-0.3751831949193942 	- 	- 	- 	
-0.36517830972154286 	- 	- 	- 	
-0.35517342452369327 	- 	- 	- 	
-0.3451685393258419 	- 	- 	- 	
-0.3351636541279923 	- 	- 	- 	
-0.32515876893014095 	- 	- 	- 	
-0.31515388373229136 	- 	- 	- 	
-0.30514899853444 	- 	- 	- 	
-0.2951441133365904 	- 	- 	- 	
-0.28513922813873904 	- 	- 	- 	
-0.27513434294088945 	- 	- 	- 	
-0.2651294577430381 	- 	- 	- 	
-0.2551245725451885 	- 	- 	- 	
-0.24511968734733713 	- 	- 	- 	
-0.23511480214948577 	- 	- 	- 	
-0.22510991695163618 	- 	- 	- 	
-0.21510503175378481 	- 	- 	- 	
-0.20510014655593523 	- 	- 	- 	
-0.19509526135808386 	- 	- 	- 	
-0.18509037616023427 	- 	- 	- 	
-0.1750854909623829 	- 	- 	- 	
-0.16508060576453332 	- 	- 	- 	
-0.15507572056668195 	- 	- 	- 	
-0.14507083536883236 	- 	- 	- 	
-0.135065950170981 	- 	- 	- 	
-0.1250610649731314 	- 	- 	- 	
-0.11505617977528004 	- 	- 	- 	
-0.10505129457743045 	- 	- 	- 	
-0.09504640937957909 	- 	- 	- 	
-0.0850415241817295 	- 	- 	- 	
-0.07503663898387813 	- 	- 	- 	
-0.06503175378602855 	- 	- 	- 	
-0.05502686858817718 	- 	- 	- 	
-0.04502198339032759 	- 	- 	- 	
-0.035017098192476226 	- 	- 	- 	
-0.025012212994626637 	- 	- 	- 	
-0.015007327796775272 	- 	- 	- 	
-0.005002442598925683 	- 	- 	- 	
0.005002442598925683 	- 	- 	- 	
0.015007327796777048 	- 	- 	- 	
0.025012212994626637 	- 	- 	- 	
0.035017098192478 	- 	- 	- 	
0.04502198339032759 	- 	- 	- 	
0.05502686858817896 	- 	- 	- 	
0.06503175378602855 	- 	- 	- 	
0.07503663898387991 	- 	- 	- 	
0.0850415241817295 	- 	- 	- 	
0.09504640937958087 	- 	- 	- 	
0.10505129457743045 	- 	- 	- 	
0.11505617977528182 	- 	- 	- 	
0.1250610649731314 	- 	- 	- 	
0.13506595017098277 	- 	- 	- 	
0.14507083536883236 	- 	- 	- 	
0.15507572056668373 	- 	- 	- 	
0.16508060576453332 	- 	- 	- 	
0.17508549096238468 	- 	- 	- 	
0.18509037616023427 	- 	- 	- 	
0.19509526135808564 	- 	- 	- 	
0.20510014655593523 	- 	- 	- 	
0.2151050317537866 	- 	- 	- 	
0.22510991695163618 	- 	- 	- 	
0.23511480214948755 	- 	- 	- 	
0.24511968734733713 	- 	- 	- 	
0.2551245725451885 	- 	- 	- 	
0.26512945774303986 	- 	- 	- 	
0.27513434294088945 	- 	- 	- 	
0.2851392281387408 	- 	- 	- 	
0.2951441133365904 	- 	- 	- 	
0.3051489985344418 	- 	- 	- 	
0.31515388373229136 	- 	- 	- 	
0.3251587689301427 	- 	- 	- 	
0.3351636541279923 	- 	- 	- 	
0.3451685393258437 	- 	- 	- 	
0.35517342452369327 	- 	- 	- 	
0.36517830972154464 	- 	- 	- 	
0.3751831949193942 	- 	- 	- 	
0.3851880801172456 	- 	- 	- 	
0.3951929653150952 	- 	- 	- 	
0.40519785051294654 	- 	- 	- 	
0.41520273571079613 	- 	- 	- 	
0.4252076209086475 	- 	- 	- 	
0.4352125061064971 	- 	- 	- 	
0.44521739130434845 	- 	- 	- 	
0.45522227650219804 	- 	- 	- 	
0.4652271617000494 	- 	- 	- 	
0.475232046897899 	- 	- 	- 	
0.48523693209575036 	- 	- 	- 	
0.4952418172936017 	- 	- 	- 	
0.5052467024914513 	- 	- 	- 	
0.5152515876893027 	- 	- 	- 	
0.5252564728871523 	- 	- 	- 	
0.5352613580850036 	- 	- 	- 	
0.5452662432828532 	- 	- 	- 	
0.5552711284807046 	- 	- 	- 	
0.5652760136785542 	- 	- 	- 	
0.5752808988764055 	- 	- 	- 	
0.5852857840742551 	- 	- 	- 	
0.5952906692721065 	- 	- 	- 	
0.6052955544699561 	- 	- 	- 	
0.6153004396678075 	- 	- 	- 	
0.625305324865657 	- 	- 	- 	
0.6353102100635084 	- 	- 	- 	
0.645315095261358 	- 	- 	- 	
0.6553199804592094 	- 	- 	- 	
0.665324865657059 	- 	- 	- 	
0.6753297508549103 	- 	- 	- 	
0.6853346360527599 	- 	- 	- 	
0.6953395212506113 	- 	- 	- 	
0.7053444064484609 	- 	- 	- 	
0.7153492916463122 	- 	- 	- 	
0.7253541768441618 	- 	- 	- 	
0.7353590620420132 	- 	- 	- 	
0.7453639472398645 	- 	- 	- 	
0.7553688324377141 	- 	- 	- 	
0.7653737176355655 	- 	- 	- 	
0.7753786028334151 	- 	- 	- 	
0.7853834880312665 	- 	- 	- 	
0.795388373229116 	- 	- 	- 	
0.8053932584269674 	- 	- 	- 	
0.815398143624817 	- 	- 	- 	
0.8254030288226684 	- 	- 	- 	
0.835407914020518 	- 	- 	- 	
0.8454127992183693 	- 	- 	- 	
0.8554176844162189 	- 	- 	- 	
0.8654225696140703 	- 	- 	- 	
0.8754274548119199 	- 	- 	- 	
0.8854323400097712 	- 	- 	- 	
0.8954372252076208 	- 	- 	- 	
0.9054421104054722 	- 	- 	- 	
0.9154469956033218 	- 	- 	- 	
0.9254518808011731 	- 	- 	- 	
0.9354567659990227 	- 	- 	- 	
0.9454616511968741 	- 	- 	- 	
0.9554665363947237 	- 	- 	- 	
0.965471421592575 	- 	- 	- 	
0.9754763067904246 	- 	- 	- 	
0.985481191988276 	- 	- 	- 	
0.9954860771861274 	- 	- 	- 	
1.005490962383977 	- 	- 	- 	
1.0154958475818283 	- 	- 	- 	
1.025500732779678 	- 	- 	- 	
1.0355056179775293 	- 	- 	- 	
1.0455105031753789 	- 	- 	- 	
1.0555153883732302 	- 	- 	- 	
1.0655202735710798 	- 	- 	- 	
1.0755251587689312 	- 	- 	- 	
1.0855300439667808 	- 	- 	- 	
1.0955349291646321 	- 	- 	- 	
1.1055398143624817 	- 	- 	- 	
1.115544699560333 	- 	- 	- 	
1.1255495847581827 	- 	- 	- 	
1.135554469956034 	- 	- 	- 	
1.1455593551538836 	- 	- 	- 	
1.155564240351735 	- 	- 	- 	
1.1655691255495846 	- 	- 	- 	
1.175574010747436 	- 	- 	- 	
1.1855788959452855 	- 	- 	- 	
1.195583781143137 	- 	- 	- 	
1.2055886663409865 	- 	- 	- 	
1.2155935515388379 	- 	- 	- 	
1.2255984367366892 	- 	- 	- 	
1.2356033219345388 	- 	- 	- 	
1.2456082071323902 	- 	- 	- 	
1.2556130923302398 	- 	- 	- 	
1.2656179775280911 	- 	- 	- 	
1.2756228627259407 	- 	- 	- 	
1.285627747923792 	- 	- 	- 	
1.2956326331216417 	- 	- 	- 	
1.305637518319493 	- 	- 	- 	
1.3156424035173426 	- 	- 	- 	
1.325647288715194 	- 	- 	- 	
1.3356521739130436 	- 	- 	- 	
1.345657059110895 	- 	- 	- 	
1.3556619443087445 	- 	- 	- 	
1.365666829506596 	- 	- 	- 	
1.3756717147044455 	- 	- 	- 	
1.3856765999022969 	- 	- 	- 	
1.3956814851001464 	- 	- 	- 	
1.4056863702979978 	- 	- 	- 	
1.4156912554958474 	- 	- 	- 	
1.4256961406936988 	- 	- 	- 	
1.4357010258915484 	- 	- 	- 	
1.4457059110893997 	- 	- 	- 	
1.4557107962872493 	- 	- 	- 	
1.4657156814851007 	- 	- 	- 	
1.475720566682952 	- 	- 	- 	
1.4857254518808016 	- 	- 	- 	
1.495730337078653 	- 	- 	- 	
1.5057352222765026 	- 	- 	- 	
1.515740107474354 	- 	- 	- 	
1.5257449926722035 	- 	- 	- 	
1.535749877870055 	- 	- 	- 	
1.5457547630679045 	- 	- 	- 	
1.5557596482657559 	- 	- 	- 	
1.5657645334636054 	- 	- 	- 	
1.5757694186614568 	- 	- 	- 	
1.5857743038593064 	- 	- 	- 	
1.5957791890571578 	- 	- 	- 	
1.6057840742550074 	- 	- 	- 	
1.6157889594528587 	- 	- 	- 	
1.6257938446507083 	- 	- 	- 	
1.6357987298485597 	- 	- 	- 	
1.6458036150464093 	- 	- 	- 	
1.6558085002442606 	- 	- 	- 	
1.6658133854421102 	- 	- 	- 	
1.6758182706399616 	- 	- 	- 	
1.6858231558378112 	- 	- 	- 	
1.6958280410356625 	- 	- 	- 	
1.7058329262335121 	- 	- 	- 	
1.7158378114313635 	- 	- 	- 	
1.7258426966292149 	- 	- 	- 	
1.7358475818270644 	- 	- 	- 	
1.7458524670249158 	- 	- 	- 	
1.7558573522227654 	- 	- 	- 	
1.7658622374206168 	- 	- 	- 	
1.7758671226184664 	- 	- 	- 	
1.7858720078163177 	- 	- 	- 	
1.7958768930141673 	- 	- 	- 	
1.8058817782120187 	- 	- 	- 	
1.8158866634098683 	- 	- 	- 	
1.8258915486077196 	- 	- 	- 	
1.8358964338055692 	- 	- 	- 	
1.8459013190034206 	- 	- 	- 	
1.8559062042012702 	- 	- 	- 	
1.8659110893991215 	- 	- 	- 	
1.8759159745969711 	- 	- 	- 	
1.8859208597948225 	- 	- 	- 	
1.895925744992672 	- 	- 	- 	
1.9059306301905234 	- 	- 	- 	
1.915935515388373 	- 	- 	- 	
1.9259404005862244 	- 	- 	- 	
1.935945285784074 	- 	- 	- 	
1.9459501709819254 	- 	- 	- 	
1.955955056179775 	- 	- 	- 	
1.9659599413776263 	- 	- 	- 	
1.9759648265754777 	- 	- 	- 	
1.9859697117733273 	- 	- 	- 	
1.9959745969711786 	- 	- 	- 	
2.005979482169028 	- 	- 	- 	
2.0159843673668796 	- 	- 	- 	
2.025989252564729 	- 	- 	- 	
2.0359941377625805 	- 	- 	- 	
2.04599902296043 	- 	- 	- 	
2.0560039081582815 	- 	- 	- 	
2.066008793356131 	- 	- 	- 	
2.0760136785539824 	- 	- 	- 	
2.086018563751832 	- 	- 	- 	
2.0960234489496834 	- 	- 	- 	
2.106028334147533 	- 	- 	- 	
2.1160332193453844 	- 	- 	- 	
2.126038104543234 	- 	- 	- 	
2.1360429897410853 	- 	- 	- 	
2.146047874938935 	- 	- 	- 	
2.1560527601367863 	- 	- 	- 	
2.166057645334636 	- 	- 	- 	
2.176062530532487 	- 	- 	- 	
2.186067415730337 	- 	- 	- 	
2.196072300928188 	- 	- 	- 	
2.2060771861260395 	- 	- 	- 	
2.216082071323889 	- 	- 	- 	
2.2260869565217405 	- 	- 	- 	
2.23609184171959 	- 	- 	- 	
2.2460967269174414 	- 	- 	- 	
2.256101612115291 	- 	- 	- 	
2.2661064973131424 	- 	- 	- 	
2.276111382510992 	- 	- 	- 	
2.2861162677088434 	- 	- 	- 	
2.296121152906693 	- 	- 	- 	
2.3061260381045443 	- 	- 	- 	
2.316130923302394 	- 	- 	- 	
2.3261358085002453 	- 	- 	- 	
2.336140693698095 	- 	- 	- 	
2.346145578895946 	- 	- 	- 	
2.356150464093796 	- 	- 	- 	
2.366155349291647 	- 	- 	- 	
2.3761602344894968 	- 	- 	- 	
2.386165119687348 	- 	- 	- 	
2.3961700048851977 	- 	- 	- 	
2.406174890083049 	- 	- 	- 	
2.4161797752808987 	- 	- 	- 	
2.42618466047875 	- 	- 	- 	
2.4361895456765996 	- 	- 	- 	
2.446194430874451 	- 	- 	- 	
2.4561993160723024 	- 	- 	- 	
2.466204201270152 	- 	- 	- 	
2.4762090864680033 	- 	- 	- 	
2.486213971665853 	- 	- 	- 	
2.4962188568637043 	- 	- 	- 	
2.506223742061554 	- 	- 	- 	
2.516228627259405 	- 	- 	- 	
2.526233512457255 	- 	- 	- 	
2.536238397655106 	- 	- 	- 	
2.5462432828529558 	- 	- 	- 	
2.556248168050807 	- 	- 	- 	
2.5662530532486567 	- 	- 	- 	
2.576257938446508 	- 	- 	- 	
2.5862628236443577 	- 	- 	- 	
2.596267708842209 	- 	- 	- 	
2.6062725940400586 	- 	- 	- 	
2.61627747923791 	- 	- 	- 	
2.6262823644357596 	- 	- 	- 	
2.636287249633611 	- 	- 	- 	
2.6462921348314605 	- 	- 	- 	
2.656297020029312 	- 	- 	- 	
2.6663019052271615 	- 	- 	- 	
2.676306790425013 	- 	- 	- 	
2.6863116756228624 	- 	- 	- 	
2.696316560820714 	- 	- 	- 	
2.706321446018565 	- 	- 	- 	
2.7163263312164148 	- 	- 	- 	
2.726331216414266 	- 	- 	- 	
2.7363361016121157 	- 	- 	- 	
2.746340986809967 	- 	- 	- 	
2.7563458720078167 	- 	- 	- 	
2.766350757205668 	- 	- 	- 	
2.7763556424035176 	- 	- 	- 	
2.786360527601369 	- 	- 	- 	
2.7963654127992186 	- 	- 	- 	
2.80637029799707 	- 	- 	- 	
2.8163751831949195 	- 	- 	- 	
2.826380068392771 	- 	- 	- 	
2.8363849535906205 	- 	- 	- 	
2.846389838788472 	- 	- 	- 	
2.8563947239863214 	- 	- 	- 	
2.866399609184173 	- 	- 	- 	
2.8764044943820224 	- 	- 	- 	
2.8864093795798738 	- 	- 	- 	
2.8964142647777233 	- 	- 	- 	
2.9064191499755747 	- 	- 	- 	
2.9164240351734243 	- 	- 	- 	
2.9264289203712757 	- 	- 	- 	
2.936433805569127 	- 	- 	- 	
2.9464386907669766 	- 	- 	- 	
2.956443575964828 	- 	- 	- 	
2.9664484611626776 	- 	- 	- 	
2.976453346360529 	- 	- 	- 	
2.9864582315583785 	- 	- 	- 	
2.99646311675623 	- 	- 	- 	
3.0064680019540795 	- 	- 	- 	
3.016472887151931 	- 	- 	- 	
3.0264777723497804 	- 	- 	- 	
3.036482657547632 	- 	- 	- 	
3.0464875427454814 	- 	- 	- 	
3.0564924279433328 	- 	- 	- 	
3.0664973131411823 	- 	- 	- 	
3.0765021983390337 	- 	- 	- 	
3.0865070835368833 	- 	- 	- 	
3.0965119687347347 	- 	- 	- 	
3.1065168539325843 	- 	- 	- 	
3.1165217391304356 	- 	- 	- 	
3.126526624328285 	- 	- 	- 	
3.1365315095261366 	- 	- 	- 	
3.146536394723986 	- 	- 	- 	
3.1565412799218375 	- 	- 	- 	
3.166546165119687 	- 	- 	- 	
3.1765510503175385 	- 	- 	- 	
3.18655593551539 	- 	- 	- 	
3.1965608207132394 	- 	- 	- 	
3.206565705911091 	- 	- 	- 	
3.2165705911089404 	- 	- 	- 	
3.2265754763067918 	- 	- 	- 	
3.2365803615046413 	- 	- 	- 	
3.2465852467024927 	- 	- 	- 	
3.2565901319003423 	- 	- 	- 	
3.2665950170981937 	- 	- 	- 	
3.2765999022960433 	- 	- 	- 	
3.2866047874938946 	- 	- 	- 	
3.296609672691744 	- 	- 	- 	
3.3066145578895956 	- 	- 	- 	
3.316619443087445 	- 	- 	- 	
3.3266243282852965 	- 	- 	- 	
3.336629213483146 	- 	- 	- 	
3.3466340986809975 	- 	- 	- 	
3.356638983878847 	- 	- 	- 	
3.3666438690766984 	- 	- 	- 	
3.376648754274548 	- 	- 	- 	
3.3866536394723994 	- 	- 	- 	
3.396658524670249 	- 	- 	- 	
3.4066634098681003 	- 	- 	- 	
3.41666829506595 	- 	- 	- 	
3.4266731802638013 	- 	- 	- 	
3.4366780654616527 	- 	- 	- 	
3.4466829506595023 	- 	- 	- 	
3.4566878358573536 	- 	- 	- 	
3.466692721055203 	- 	- 	- 	
3.4766976062530546 	- 	- 	- 	
3.486702491450904 	- 	- 	- 	
3.4967073766487555 	- 	- 	- 	
3.506712261846605 	- 	- 	- 	
3.5167171470444565 	- 	- 	- 	
3.526722032242306 	- 	- 	- 	
3.5367269174401574 	- 	- 	- 	
3.546731802638007 	- 	- 	- 	
3.5567366878358584 	- 	- 	- 	
3.566741573033708 	- 	- 	- 	
3.5767464582315593 	- 	- 	- 	
3.586751343429409 	- 	- 	- 	
3.5967562286272603 	- 	- 	- 	
3.60676111382511 	- 	- 	- 	
3.6167659990229613 	- 	- 	- 	
3.626770884220811 	- 	- 	- 	
3.636775769418662 	- 	- 	- 	
3.646780654616512 	- 	- 	- 	
3.656785539814363 	- 	- 	- 	
3.6667904250122145 	- 	- 	- 	
3.676795310210064 	- 	- 	- 	
3.6868001954079155 	- 	- 	- 	
3.696805080605765 	- 	- 	- 	
3.7068099658036164 	- 	- 	- 	
3.716814851001466 	- 	- 	- 	
3.7268197361993174 	- 	- 	- 	
3.736824621397167 	- 	- 	- 	
3.7468295065950183 	- 	- 	- 	
3.756834391792868 	- 	- 	- 	
3.7668392769907193 	- 	- 	- 	
3.776844162188569 	- 	- 	- 	
3.7868490473864203 	- 	- 	- 	
3.79685393258427 	- 	- 	- 	
3.806858817782121 	- 	- 	- 	
3.816863702979971 	- 	- 	- 	
3.826868588177822 	- 	- 	- 	
3.8368734733756718 	- 	- 	- 	
3.846878358573523 	- 	- 	- 	
3.8568832437713727 	- 	- 	- 	
3.866888128969224 	- 	- 	- 	
3.8768930141670737 	- 	- 	- 	
3.886897899364925 	- 	- 	- 	
3.8969027845627746 	- 	- 	- 	
3.906907669760626 	- 	- 	- 	
3.9169125549584773 	- 	- 	- 	
3.926917440156327 	- 	- 	- 	
3.9369223253541783 	- 	- 	- 	
3.946927210552028 	- 	- 	- 	
3.9569320957498793 	- 	- 	- 	
3.966936980947729 	- 	- 	- 	
3.97694186614558 	- 	- 	- 	
3.98694675134343 	- 	- 	- 	
3.996951636541281 	- 	- 	- 	
4.006956521739131 	- 	- 	- 	
4.016961406936982 	- 	- 	- 	
4.026966292134832 	- 	- 	- 	
4.036971177332683 	- 	- 	- 	
4.046976062530533 	- 	- 	- 	
4.056980947728384 	- 	- 	- 	
4.066985832926234 	- 	- 	- 	
4.076990718124085 	- 	- 	- 	
4.086995603321935 	- 	- 	- 	
4.097000488519786 	- 	- 	- 	
4.1070053737176355 	- 	- 	- 	
4.117010258915487 	- 	- 	- 	
4.1270151441133365 	- 	- 	- 	
4.137020029311188 	- 	- 	- 	
4.147024914509037 	- 	- 	- 	
4.157029799706889 	- 	- 	- 	
4.16703468490474 	- 	- 	- 	
4.17703957010259 	- 	- 	- 	
4.187044455300441 	- 	- 	- 	
4.197049340498291 	- 	- 	- 	
4.207054225696142 	- 	- 	- 	
4.217059110893992 	- 	- 	- 	
4.227063996091843 	- 	- 	- 	
4.237068881289693 	- 	- 	- 	
4.247073766487544 	- 	- 	- 	
4.257078651685394 	- 	- 	- 	
4.267083536883245 	- 	- 	- 	
4.2770884220810945 	- 	- 	- 	
4.287093307278946 	- 	- 	- 	
4.2970981924767955 	- 	- 	- 	
4.307103077674647 	- 	- 	- 	
4.317107962872496 	- 	- 	- 	
4.327112848070348 	- 	- 	- 	
4.337117733268197 	- 	- 	- 	
4.347122618466049 	- 	- 	- 	
4.357127503663898 	- 	- 	- 	
4.36713238886175 	- 	- 	- 	
4.377137274059599 	- 	- 	- 	
4.387142159257451 	- 	- 	- 	
4.397147044455302 	- 	- 	- 	
4.407151929653152 	- 	- 	- 	
4.417156814851003 	- 	- 	- 	
4.427161700048853 	- 	- 	- 	
4.437166585246704 	- 	- 	- 	
4.4471714704445535 	- 	- 	- 	
4.457176355642405 	- 	- 	- 	
4.4671812408402545 	- 	- 	- 	
4.477186126038106 	- 	- 	- 	
4.487191011235955 	- 	- 	- 	
4.497195896433807 	- 	- 	- 	
4.507200781631656 	- 	- 	- 	
4.517205666829508 	- 	- 	- 	
4.527210552027357 	- 	- 	- 	
4.537215437225209 	- 	- 	- 	
4.547220322423058 	- 	- 	- 	
4.55722520762091 	- 	- 	- 	
4.567230092818759 	- 	- 	- 	
4.577234978016611 	- 	- 	- 	
4.58723986321446 	- 	- 	- 	
4.597244748412312 	- 	- 	- 	
4.607249633610161 	- 	- 	- 	
4.6172545188080125 	- 	- 	- 	
4.627259404005862 	- 	- 	- 	
4.6372642892037135 	- 	- 	- 	
4.647269174401565 	- 	- 	- 	
4.657274059599414 	- 	- 	- 	
4.667278944797266 	- 	- 	- 	
4.677283829995115 	- 	- 	- 	
4.687288715192967 	- 	- 	- 	
4.697293600390816 	- 	- 	- 	
4.707298485588668 	- 	- 	- 	
4.717303370786517 	- 	- 	- 	
4.727308255984369 	- 	- 	- 	
4.737313141182218 	- 	- 	- 	
4.74731802638007 	- 	- 	- 	
4.757322911577919 	- 	- 	- 	
4.767327796775771 	- 	- 	- 	
4.77733268197362 	- 	- 	- 	
4.7873375671714715 	- 	- 	- 	
4.797342452369321 	- 	- 	- 	
4.8073473375671725 	- 	- 	- 	
4.817352222765022 	- 	- 	- 	
4.827357107962873 	- 	- 	- 	
4.837361993160723 	- 	- 	- 	
4.847366878358574 	- 	- 	- 	
4.857371763556424 	- 	- 	- 	
4.867376648754275 	- 	- 	- 	
4.877381533952125 	- 	- 	- 	
4.887386419149976 	- 	- 	- 	
4.897391304347828 	- 	- 	- 	
4.907396189545677 	- 	- 	- 	
4.917401074743529 	- 	- 	- 	
4.927405959941378 	- 	- 	- 	
4.93741084513923 	- 	- 	- 	
4.947415730337079 	- 	- 	- 	
4.9574206155349305 	- 	- 	- 	
4.96742550073278 	- 	- 	- 	
4.9774303859306315 	- 	- 	- 	
4.987435271128481 	- 	- 	- 	
4.997440156326332 	- 	- 	- 	
5.007445041524182 	- 	- 	- 	
5.017449926722033 	- 	- 	- 	
5.027454811919883 	- 	- 	- 	
5.037459697117734 	- 	- 	- 	
5.047464582315584 	- 	- 	- 	
5.057469467513435 	- 	- 	- 	
5.067474352711285 	- 	- 	- 	
5.077479237909136 	- 	- 	- 	
5.087484123106986 	- 	- 	- 	
5.097489008304837 	- 	- 	- 	
5.107493893502687 	- 	- 	- 	
5.117498778700538 	- 	- 	- 	
5.1275036638983895 	- 	- 	- 	
5.137508549096239 	- 	- 	- 	
5.1475134342940905 	- 	- 	- 	
5.15751831949194 	- 	- 	- 	
5.167523204689791 	- 	- 	- 	
5.177528089887641 	- 	- 	- 	
5.187532975085492 	- 	- 	- 	
5.197537860283342 	- 	- 	- 	
5.207542745481193 	- 	- 	- 	
5.217547630679043 	- 	- 	- 	
5.227552515876894 	- 	- 	- 	
5.237557401074744 	- 	- 	- 	
5.247562286272595 	- 	- 	- 	
5.257567171470445 	- 	- 	- 	
5.267572056668296 	- 	- 	- 	
5.277576941866146 	- 	- 	- 	
5.287581827063997 	- 	- 	- 	
5.297586712261847 	- 	- 	- 	
5.307591597459698 	- 	- 	- 	
5.317596482657548 	- 	- 	- 	
5.327601367855399 	- 	- 	- 	
5.337606253053249 	- 	- 	- 	
5.3476111382511 	- 	- 	- 	
5.35761602344895 	- 	- 	- 	
5.367620908646801 	- 	- 	- 	
5.377625793844652 	- 	- 	- 	
5.387630679042502 	- 	- 	- 	
5.397635564240353 	- 	- 	- 	
5.407640449438203 	- 	- 	- 	
5.417645334636054 	- 	- 	- 	
5.427650219833904 	- 	- 	- 	
5.437655105031755 	- 	- 	- 	
5.447659990229605 	- 	- 	- 	
5.457664875427456 	- 	- 	- 	
5.467669760625306 	- 	- 	- 	
5.477674645823157 	- 	- 	- 	
5.487679531021007 	- 	- 	- 	
5.497684416218858 	- 	- 	- 	
5.507689301416708 	- 	- 	- 	
5.517694186614559 	- 	- 	- 	
5.527699071812409 	- 	- 	- 	
5.53770395701026 	- 	- 	- 	
5.54770884220811 	- 	- 	- 	
5.557713727405961 	- 	- 	- 	
5.5677186126038105 	- 	- 	- 	
5.577723497801662 	- 	- 	- 	
5.5877283829995115 	- 	- 	- 	
5.597733268197363 	- 	- 	- 	
5.607738153395212 	- 	- 	- 	
5.617743038593064 	- 	- 	- 	
5.627747923790915 	- 	- 	- 	
5.637752808988765 	- 	- 	- 	
5.647757694186616 	- 	- 	- 	
5.657762579384466 	- 	- 	- 	
5.667767464582317 	- 	- 	- 	
5.677772349780167 	- 	- 	- 	
5.687777234978018 	- 	- 	- 	
5.697782120175868 	- 	- 	- 	
5.707787005373719 	- 	- 	- 	
5.717791890571569 	- 	- 	- 	
5.72779677576942 	- 	- 	- 	
5.7378016609672695 	- 	- 	- 	
5.747806546165121 	- 	- 	- 	
5.7578114313629705 	- 	- 	- 	
5.76781631656082 	- 	- 	- 	
5.777821201758671 	- 	- 	- 	
5.787826086956523 	- 	- 	- 	
5.797830972154374 	- 	- 	- 	
5.807835857352222 	- 	- 	- 	
5.817840742550073 	- 	- 	- 	
5.827845627747925 	- 	- 	- 	
5.837850512945776 	- 	- 	- 	
5.847855398143624 	- 	- 	- 	
5.857860283341475 	- 	- 	- 	
5.867865168539327 	- 	- 	- 	
5.877870053737178 	- 	- 	- 	
5.887874938935029 	- 	- 	- 	
5.897879824132877 	- 	- 	- 	
5.9078847093307285 	- 	- 	- 	
5.91788959452858 	- 	- 	- 	
5.927894479726431 	- 	- 	- 	
5.937899364924279 	- 	- 	- 	
5.94790425012213 	- 	- 	- 	
5.957909135319982 	- 	- 	- 	
5.967914020517833 	- 	- 	- 	
5.977918905715681 	- 	- 	- 	
5.987923790913532 	- 	- 	- 	
5.997928676111384 	- 	- 	- 	
6.007933561309235 	- 	- 	- 	
6.017938446507083 	- 	- 	- 	
6.027943331704934 	- 	- 	- 	
6.037948216902786 	- 	- 	- 	
6.047953102100637 	- 	- 	- 	
6.057957987298485 	- 	- 	- 	
6.067962872496336 	- 	- 	- 	
6.0779677576941875 	- 	- 	- 	
6.087972642892039 	- 	- 	- 	
6.097977528089887 	- 	- 	- 	
6.107982413287738 	- 	- 	- 	
6.117987298485589 	- 	- 	- 	
6.127992183683441 	- 	- 	- 	
6.137997068881292 	- 	- 	- 	
6.14800195407914 	- 	- 	- 	
6.158006839276991 	- 	- 	- 	
6.168011724474843 	- 	- 	- 	
6.178016609672694 	- 	- 	- 	
6.188021494870542 	- 	- 	- 	
6.198026380068393 	- 	- 	- 	
6.208031265266245 	- 	- 	- 	
6.218036150464096 	- 	- 	- 	
6.228041035661944 	- 	- 	- 	
6.238045920859795 	- 	- 	- 	
6.2480508060576465 	- 	- 	- 	
6.258055691255498 	- 	- 	- 	
6.268060576453346 	- 	- 	- 	
6.278065461651197 	- 	- 	- 	
6.288070346849048 	- 	- 	- 	
6.2980752320469 	- 	- 	- 	
6.308080117244748 	- 	- 	- 	
6.318085002442599 	- 	- 	- 	
6.32808988764045 	- 	- 	- 	
6.338094772838302 	- 	- 	- 	
6.348099658036153 	- 	- 	- 	
6.358104543234001 	- 	- 	- 	
6.368109428431852 	- 	- 	- 	
6.378114313629704 	- 	- 	- 	
6.388119198827555 	- 	- 	- 	
6.398124084025403 	- 	- 	- 	
6.408128969223254 	- 	- 	- 	
6.4181338544211055 	- 	- 	- 	
6.428138739618957 	- 	- 	- 	
6.438143624816805 	- 	- 	- 	
6.448148510014656 	- 	- 	- 	
6.458153395212507 	- 	- 	- 	
6.468158280410359 	- 	- 	- 	
6.478163165608207 	- 	- 	- 	
6.488168050806058 	- 	- 	- 	
6.498172936003909 	- 	- 	- 	
6.508177821201761 	- 	- 	- 	
6.5181827063996085 	- 	- 	- 	
6.52818759159746 	- 	- 	- 	
6.538192476795311 	- 	- 	- 	
6.548197361993163 	- 	- 	- 	
6.55820224719101 	- 	- 	- 	
6.568207132388862 	- 	- 	- 	
6.578212017586713 	- 	- 	- 	
6.5882169027845645 	- 	- 	- 	
6.598221787982416 	- 	- 	- 	
6.608226673180264 	- 	- 	- 	
6.618231558378115 	- 	- 	- 	
6.628236443575966 	- 	- 	- 	
6.638241328773818 	- 	- 	- 	
6.648246213971666 	- 	- 	- 	
6.658251099169517 	- 	- 	- 	
6.668255984367368 	- 	- 	- 	
6.67826086956522 	- 	- 	- 	
6.6882657547630675 	- 	- 	- 	
6.698270639960919 	- 	- 	- 	
6.70827552515877 	- 	- 	- 	
6.718280410356622 	- 	- 	- 	
6.728285295554469 	- 	- 	- 	
6.738290180752321 	- 	- 	- 	
6.748295065950172 	- 	- 	- 	
6.7582999511480235 	- 	- 	- 	
6.768304836345871 	- 	- 	- 	
6.778309721543723 	- 	- 	- 	
6.788314606741574 	- 	- 	- 	
6.798319491939425 	- 	- 	- 	
6.808324377137273 	- 	- 	- 	
6.818329262335125 	- 	- 	- 	
6.828334147532976 	- 	- 	- 	
6.838339032730827 	- 	- 	- 	
6.848343917928679 	- 	- 	- 	
6.8583488031265265 	- 	- 	- 	
6.868353688324378 	- 	- 	- 	
6.878358573522229 	- 	- 	- 	
6.888363458720081 	- 	- 	- 	
6.898368343917928 	- 	- 	- 	
6.90837322911578 	- 	- 	- 	
6.918378114313631 	- 	- 	- 	
6.9283829995114825 	- 	- 	- 	
6.93838788470933 	- 	- 	- 	
6.948392769907182 	- 	- 	- 	
6.958397655105033 	- 	- 	- 	
6.968402540302884 	- 	- 	- 	
6.978407425500732 	- 	- 	- 	
6.988412310698584 	- 	- 	- 	
6.998417195896435 	- 	- 	- 	
7.008422081094286 	- 	- 	- 	
7.018426966292134 	- 	- 	- 	
7.0284318514899855 	- 	- 	- 	
7.038436736687837 	- 	- 	- 	
7.048441621885688 	- 	- 	- 	
7.058446507083536 	- 	- 	- 	
7.068451392281387 	- 	- 	- 	
7.078456277479239 	- 	- 	- 	
7.08846116267709 	- 	- 	- 	
7.0984660478749415 	- 	- 	- 	
7.108470933072789 	- 	- 	- 	
7.118475818270641 	- 	- 	- 	
7.128480703468492 	- 	- 	- 	
7.138485588666343 	- 	- 	- 	
7.148490473864191 	- 	- 	- 	
7.158495359062043 	- 	- 	- 	
7.168500244259894 	- 	- 	- 	
7.178505129457745 	- 	- 	- 	
7.188510014655593 	- 	- 	- 	
7.1985148998534445 	- 	- 	- 	
7.208519785051296 	- 	- 	- 	
7.218524670249147 	- 	- 	- 	
7.228529555446995 	- 	- 	- 	
7.238534440644846 	- 	- 	- 	
7.248539325842698 	- 	- 	- 	
7.258544211040549 	- 	- 	- 	
7.268549096238397 	- 	- 	- 	
7.278553981436248 	- 	- 	- 	
7.2885588666341 	- 	- 	- 	
7.298563751831951 	- 	- 	- 	
7.308568637029799 	- 	- 	- 	
7.31857352222765 	- 	- 	- 	
7.328578407425502 	- 	- 	- 	
7.338583292623353 	- 	- 	- 	
7.348588177821204 	- 	- 	- 	
7.358593063019052 	- 	- 	- 	
7.3685979482169035 	- 	- 	- 	
7.378602833414755 	- 	- 	- 	
7.388607718612606 	- 	- 	- 	
7.398612603810454 	- 	- 	- 	
7.408617489008305 	- 	- 	- 	
7.418622374206157 	- 	- 	- 	
7.428627259404008 	- 	- 	- 	
7.438632144601856 	- 	- 	- 	
7.448637029799707 	- 	- 	- 	
7.458641914997559 	- 	- 	- 	
7.46864680019541 	- 	- 	- 	
7.478651685393258 	- 	- 	- 	
7.488656570591109 	- 	- 	- 	
7.498661455788961 	- 	- 	- 	
7.508666340986812 	- 	- 	- 	
7.51867122618466 	- 	- 	- 	
7.528676111382511 	- 	- 	- 	
7.5386809965803625 	- 	- 	- 	
7.548685881778214 	- 	- 	- 	
7.558690766976062 	- 	- 	- 	
7.568695652173913 	- 	- 	- 	
7.578700537371764 	- 	- 	- 	
7.588705422569616 	- 	- 	- 	
7.598710307767467 	- 	- 	- 	
7.608715192965315 	- 	- 	- 	
7.618720078163166 	- 	- 	- 	
7.628724963361018 	- 	- 	- 	
7.638729848558869 	- 	- 	- 	
7.648734733756717 	- 	- 	- 	
7.658739618954568 	- 	- 	- 	
7.66874450415242 	- 	- 	- 	
7.678749389350271 	- 	- 	- 	
7.688754274548119 	- 	- 	- 	
7.69875915974597 	- 	- 	- 	
7.7087640449438215 	- 	- 	- 	
7.718768930141673 	- 	- 	- 	
7.728773815339521 	- 	- 	- 	
7.738778700537372 	- 	- 	- 	
7.748783585735223 	- 	- 	- 	
7.758788470933075 	- 	- 	- 	
7.768793356130923 	- 	- 	- 	
7.778798241328774 	- 	- 	- 	
7.788803126526625 	- 	- 	- 	
7.798808011724477 	- 	- 	- 	
7.8088128969223245 	- 	- 	- 	
7.818817782120176 	- 	- 	- 	
7.828822667318027 	- 	- 	- 	
7.838827552515879 	- 	- 	- 	
7.84883243771373 	- 	- 	- 	
7.858837322911578 	- 	- 	- 	
7.868842208109429 	- 	- 	- 	
7.8788470933072805 	- 	- 	- 	
7.888851978505132 	- 	- 	- 	
7.89885686370298 	- 	- 	- 	
7.908861748900831 	- 	- 	- 	
7.918866634098682 	- 	- 	- 	
7.928871519296534 	- 	- 	- 	
7.938876404494382 	- 	- 	- 	
7.948881289692233 	- 	- 	- 	
7.958886174890084 	- 	- 	- 	
7.968891060087936 	- 	- 	- 	
7.9788959452857835 	- 	- 	- 	
7.988900830483635 	- 	- 	- 	
7.998905715681486 	- 	- 	- 	
8.008910600879338 	- 	- 	- 	
8.018915486077185 	- 	- 	- 	
8.028920371275037 	- 	- 	- 	
8.038925256472888 	- 	- 	- 	
8.04893014167074 	- 	- 	- 	
8.05893502686859 	- 	- 	- 	
8.068939912066439 	- 	- 	- 	
8.07894479726429 	- 	- 	- 	
8.088949682462141 	- 	- 	- 	
8.098954567659993 	- 	- 	- 	
8.10895945285784 	- 	- 	- 	
8.118964338055692 	- 	- 	- 	
8.128969223253543 	- 	- 	- 	
8.138974108451395 	- 	- 	- 	
8.148978993649242 	- 	- 	- 	
8.158983878847094 	- 	- 	- 	
8.168988764044945 	- 	- 	- 	
8.178993649242797 	- 	- 	- 	
8.188998534440644 	- 	- 	- 	
8.199003419638496 	- 	- 	- 	
8.209008304836347 	- 	- 	- 	
8.219013190034199 	- 	- 	- 	
8.229018075232046 	- 	- 	- 	
8.239022960429898 	- 	- 	- 	
8.249027845627749 	- 	- 	- 	
8.2590327308256 	- 	- 	- 	
8.269037616023448 	- 	- 	- 	
8.2790425012213 	- 	- 	- 	
8.289047386419151 	- 	- 	- 	
8.299052271617002 	- 	- 	- 	
8.309057156814854 	- 	- 	- 	
8.319062042012701 	- 	- 	- 	
8.329066927210553 	- 	- 	- 	
8.339071812408404 	- 	- 	- 	
8.349076697606256 	- 	- 	- 	
8.359081582804103 	- 	- 	- 	
8.369086468001955 	- 	- 	- 	
8.379091353199806 	- 	- 	- 	
8.389096238397658 	- 	- 	- 	
8.399101123595505 	- 	- 	- 	
8.409106008793357 	- 	- 	- 	
8.419110893991208 	- 	- 	- 	
8.42911577918906 	- 	- 	- 	
8.439120664386907 	- 	- 	- 	
8.449125549584759 	- 	- 	- 	
8.45913043478261 	- 	- 	- 	
8.469135319980461 	- 	- 	- 	
8.47914020517831 	- 	- 	- 	
8.48914509037616 	- 	- 	- 	
8.499149975574012 	- 	- 	- 	
8.509154860771863 	- 	- 	- 	
8.519159745969711 	- 	- 	- 	
8.529164631167562 	- 	- 	- 	
8.539169516365414 	- 	- 	- 	
8.549174401563265 	- 	- 	- 	
8.559179286761117 	- 	- 	- 	
8.569184171958964 	- 	- 	- 	
8.579189057156816 	- 	- 	- 	
8.589193942354667 	- 	- 	- 	
8.599198827552518 	- 	- 	- 	
8.609203712750366 	- 	- 	- 	
8.619208597948218 	- 	- 	- 	
8.629213483146069 	- 	- 	- 	
8.63921836834392 	- 	- 	- 	
8.649223253541768 	- 	- 	- 	
8.65922813873962 	- 	- 	- 	
8.66923302393747 	- 	- 	- 	
8.679237909135322 	- 	- 	- 	
8.68924279433317 	- 	- 	- 	
8.699247679531021 	- 	- 	- 	
8.709252564728873 	- 	- 	- 	
8.719257449926724 	- 	- 	- 	
8.729262335124572 	- 	- 	- 	
8.739267220322423 	- 	- 	- 	
8.749272105520275 	- 	- 	- 	
8.759276990718126 	- 	- 	- 	
8.769281875915974 	- 	- 	- 	
8.779286761113825 	- 	- 	- 	
8.789291646311677 	- 	- 	- 	
8.799296531509528 	- 	- 	- 	
8.80930141670738 	- 	- 	- 	
8.819306301905227 	- 	- 	- 	
8.829311187103078 	- 	- 	- 	
8.83931607230093 	- 	- 	- 	
8.849320957498781 	- 	- 	- 	
8.859325842696629 	- 	- 	- 	
8.86933072789448 	- 	- 	- 	
8.879335613092332 	- 	- 	- 	
8.889340498290183 	- 	- 	- 	
8.899345383488031 	- 	- 	- 	
8.909350268685882 	- 	- 	- 	
8.919355153883734 	- 	- 	- 	
8.929360039081585 	- 	- 	- 	
8.939364924279433 	- 	- 	- 	
8.949369809477284 	- 	- 	- 	
8.959374694675136 	- 	- 	- 	
8.969379579872987 	- 	- 	- 	
8.979384465070835 	- 	- 	- 	
8.989389350268686 	- 	- 	- 	
8.999394235466537 	- 	- 	- 	
9.009399120664389 	- 	- 	- 	
9.019404005862237 	- 	- 	- 	
9.029408891060088 	- 	- 	- 	
9.03941377625794 	- 	- 	- 	
9.04941866145579 	- 	- 	- 	
9.059423546653642 	- 	- 	- 	
9.06942843185149 	- 	- 	- 	
9.079433317049341 	- 	- 	- 	
9.089438202247193 	- 	- 	- 	
9.099443087445044 	- 	- 	- 	
9.109447972642892 	- 	- 	- 	
9.119452857840743 	- 	- 	- 	
9.129457743038595 	- 	- 	- 	
9.139462628236446 	- 	- 	- 	
9.149467513434294 	- 	- 	- 	
9.159472398632145 	- 	- 	- 	
9.169477283829996 	- 	- 	- 	
9.179482169027848 	- 	- 	- 	
9.189487054225696 	- 	- 	- 	
9.199491939423547 	- 	- 	- 	
9.209496824621398 	- 	- 	- 	
9.21950170981925 	- 	- 	- 	
9.229506595017098 	- 	- 	- 	
9.239511480214949 	- 	- 	- 	
9.2495163654128 	- 	- 	- 	
9.259521250610652 	- 	- 	- 	
9.2695261358085 	- 	- 	- 	
9.27953102100635 	- 	- 	- 	
9.289535906204202 	- 	- 	- 	
9.299540791402054 	- 	- 	- 	
9.309545676599905 	- 	- 	- 	
9.319550561797753 	- 	- 	- 	
9.329555446995604 	- 	- 	- 	
9.339560332193455 	- 	- 	- 	
9.349565217391307 	- 	- 	- 	
9.359570102589155 	- 	- 	- 	
9.369574987787006 	- 	- 	- 	
9.379579872984857 	- 	- 	- 	
9.389584758182709 	- 	- 	- 	
9.399589643380557 	- 	- 	- 	
9.409594528578408 	- 	- 	- 	
9.41959941377626 	- 	- 	- 	
9.42960429897411 	- 	- 	- 	
9.439609184171958 	- 	- 	- 	
9.44961406936981 	- 	- 	- 	
9.459618954567661 	- 	- 	- 	
9.469623839765513 	- 	- 	- 	
9.47962872496336 	- 	- 	- 	
9.489633610161212 	- 	- 	- 	
9.499638495359063 	- 	- 	- 	
9.509643380556914 	- 	- 	- 	
9.519648265754766 	- 	- 	- 	
9.529653150952614 	- 	- 	- 	
9.539658036150465 	- 	- 	- 	
9.549662921348316 	- 	- 	- 	
9.559667806546168 	- 	- 	- 	
9.569672691744016 	- 	- 	- 	
9.579677576941867 	- 	- 	- 	
9.589682462139718 	- 	- 	- 	
9.59968734733757 	- 	- 	- 	
9.609692232535417 	- 	- 	- 	
9.619697117733269 	- 	- 	- 	
9.62970200293112 	- 	- 	- 	
9.639706888128972 	- 	- 	- 	
9.64971177332682 	- 	- 	- 	
9.65971665852467 	- 	- 	- 	
9.669721543722522 	- 	- 	- 	
9.679726428920373 	- 	- 	- 	
9.689731314118221 	- 	- 	- 	
9.699736199316073 	- 	- 	- 	
9.709741084513924 	- 	- 	- 	
9.719745969711775 	- 	- 	- 	
9.729750854909623 	- 	- 	- 	
9.739755740107475 	- 	- 	- 	
9.749760625305326 	- 	- 	- 	
9.759765510503177 	- 	- 	- 	
9.769770395701029 	- 	- 	- 	
9.779775280898876 	- 	- 	- 	
9.789780166096728 	- 	- 	- 	
9.79978505129458 	- 	- 	- 	
9.80978993649243 	- 	- 	- 	
9.819794821690278 	- 	- 	- 	
9.82979970688813 	- 	- 	- 	
9.839804592085981 	- 	- 	- 	
9.849809477283832 	- 	- 	- 	
9.85981436248168 	- 	- 	- 	
9.869819247679532 	- 	- 	- 	
9.879824132877383 	- 	- 	- 	
9.889829018075234 	- 	- 	- 	
9.899833903273082 	- 	- 	- 	
9.909838788470934 	- 	- 	- 	
9.919843673668785 	- 	- 	- 	
9.929848558866636 	- 	- 	- 	
9.939853444064484 	- 	- 	- 	
9.949858329262335 	- 	- 	- 	
9.959863214460187 	- 	- 	- 	
9.969868099658038 	- 	- 	- 	
9.979872984855886 	- 	- 	- 	
9.989877870053737 	- 	- 	- 	
9.999882755251589 	- 	- 	- 	
10.00988764044944 	- 	- 	- 	
10.019892525647291 	- 	- 	- 	
10.02989741084514 	- 	- 	- 	
10.03990229604299 	- 	- 	- 	
10.049907181240842 	- 	- 	- 	
10.059912066438693 	- 	- 	- 	
10.069916951636541 	- 	- 	- 	
10.079921836834393 	- 	- 	- 	
10.089926722032244 	- 	- 	- 	
10.099931607230095 	- 	- 	- 	
10.109936492427943 	- 	- 	- 	
10.119941377625794 	- 	- 	- 	
10.129946262823646 	- 	- 	- 	
10.139951148021497 	- 	- 	- 	
10.149956033219345 	- 	- 	- 	
10.159960918417196 	- 	- 	- 	
10.169965803615048 	- 	- 	- 	
10.1799706888129 	- 	- 	- 	
10.189975574010747 	- 	- 	- 	
10.199980459208598 	- 	- 	- 	
10.20998534440645 	- 	- 	- 	
10.219990229604301 	- 	- 	- 	
10.229995114802149 	- 	- 	- 	
10.24 	- 	- 	- 	
#######################################