## 2D correlation ellipsies (nlines: 2048)

##dt	dx	Rdt	Rdx	
-10.24 	-6.2832 	1.0 	0.9949703361562156 	
-10.229995114802149 	-6.2586082191780825 	0.9785733085685077 	0.9918814918868646 	
-10.2199902296043 	-6.234016438356164 	0.9187101000531719 	0.9474925815487306 	
-10.209985344406448 	-6.209424657534247 	0.8318308776601159 	0.8706762838191238 	
-10.199980459208598 	-6.184832876712329 	0.7319885046008091 	0.7749203264708553 	
-10.189975574010747 	-6.160241095890411 	0.6314260358831737 	0.6736272056061399 	
-10.179970688812897 	-6.135649315068493 	0.5380778261475305 	0.5766705836417745 	
-10.169965803615046 	-6.111057534246576 	0.45544328645610765 	0.48932926127333826 	
-10.159960918417196 	-6.086465753424657 	0.3839303593028152 	0.4131498296346861 	
-10.149956033219345 	-6.06187397260274 	0.3224532297021634 	0.34754205249250475 	
-10.139951148021495 	-6.037282191780822 	0.2695468668247035 	0.2911298696880173 	
-10.129946262823644 	-6.012690410958904 	0.223876201445851 	0.24250062431431696 	
-10.119941377625794 	-5.988098630136986 	0.18435026931185 	0.20045970456077852 	
-10.109936492427943 	-5.963506849315069 	0.15008187517795477 	0.1640381971453637 	
-10.099931607230094 	-5.93891506849315 	0.12033072113144984 	0.13243679801136982 	
-10.089926722032242 	-5.914323287671233 	0.09447062238901044 	0.10498266059545404 	
-10.079921836834393 	-5.889731506849315 	0.0719744484969637 	0.0811080134662714 	
-10.069916951636541 	-5.865139726027397 	0.05240307465616249 	0.06033780969818568 	
-10.059912066438692 	-5.840547945205479 	0.03539307683941381 	0.04227757405557921 	
-10.04990718124084 	-5.815956164383562 	0.02064483525040918 	0.02660106833838101 	
-10.03990229604299 	-5.7913643835616435 	0.00791258343868036 	0.01303988150199387 	
-10.02989741084514 	-5.766772602739726 	-0.003005462557819427 	0.0013741954393026703 	
-10.01989252564729 	-5.742180821917808 	-0.012279628671053837 	-0.008578320514735668 	
-10.009887640449438 	-5.7175890410958905 	-0.02006360699845778 	-0.01697672188730263 	
-9.999882755251587 	-5.692997260273972 	-0.02650764248701868 	-0.023971337104112592 	
-9.989877870053737 	-5.668405479452055 	-0.031765882632111685 	-0.02971399702007877 	
-9.979872984855886 	-5.643813698630137 	-0.03599692740283863 	-0.03436136687345923 	
-9.969868099658036 	-5.619221917808219 	-0.0393602909869141 	-0.03807274356517433 	
-9.959863214460185 	-5.594630136986301 	-0.04201260054894021 	-0.041006071177254466 	
-9.949858329262335 	-5.570038356164384 	-0.04410534226813009 	-0.04331509780369586 	
-9.939853444064484 	-5.545446575342465 	-0.045782686785447106 	-0.045147522504453336 	
-9.929848558866635 	-5.520854794520548 	-0.047176314786186696 	-0.04664135260763092 	
-9.919843673668783 	-5.49626301369863 	-0.04839618960814908 	-0.047917151699798724 	
-9.909838788470934 	-5.471671232876712 	-0.04952081377285273 	-0.04906776705663377 	
-9.899833903273082 	-5.447079452054794 	-0.05059346185388101 	-0.050151334309817205 	
-9.889829018075233 	-5.422487671232877 	-0.05162832714244274 	-0.05119327119639135 	
-9.879824132877381 	-5.397895890410958 	-0.05262333621005405 	-0.05219717729054216 	
-9.869819247679532 	-5.373304109589041 	-0.05357057203337358 	-0.05315733939900827 	
-9.85981436248168 	-5.348712328767123 	-0.054456669151184536 	-0.0540636476091801 	
-9.84980947728383 	-5.324120547945205 	-0.055253898955191484 	-0.054895789236578584 	
-9.83980459208598 	-5.299528767123288 	-0.05591110011402404 	-0.05561295823990416 	
-9.82979970688813 	-5.27493698630137 	-0.0563548649331875 	-0.056149999959552416 	
-9.819794821690278 	-5.2503452054794515 	-0.05650441132932408 	-0.05642689228059593 	
-9.809789936492429 	-5.225753424657534 	-0.056294196593410555 	-0.05636919868441167 	
-9.799785051294577 	-5.201161643835617 	-0.0556938313174418 	-0.0559300926916872 	
-9.789780166096728 	-5.1765698630136985 	-0.054717774127280495 	-0.05510462475076022 	
-9.779775280898876 	-5.15197808219178 	-0.053424013757013805 	-0.05393271399933389 	
-9.769770395701027 	-5.127386301369863 	-0.05190559769536306 	-0.05249332707668146 	
-9.759765510503176 	-5.1027945205479455 	-0.050278623586646976 	-0.050893975131496905 	
-9.749760625305324 	-5.078202739726027 	-0.0486673997233529 	-0.04925732347175853 	
-9.739755740107475 	-5.053610958904109 	-0.047186322963005276 	-0.04770443601066011 	
-9.729750854909623 	-5.029019178082192 	-0.04592051037094656 	-0.04633531511304509 	
-9.719745969711774 	-5.004427397260274 	-0.044910893538261186 	-0.04521113990045897 	
-9.709741084513922 	-4.979835616438356 	-0.04415019091401861 	-0.04434496004318464 	
-9.699736199316073 	-4.9552438356164386 	-0.04359222678267058 	-0.04370547072544081 	
-9.689731314118221 	-4.93065205479452 	-0.04317081264481511 	-0.0432326627973657 	
-9.679726428920372 	-4.906060273972603 	-0.04282014192019191 	-0.04285855734088004 	
-9.66972154372252 	-4.881468493150685 	-0.042489121296196794 	-0.042524667889971196 	
-9.65971665852467 	-4.856876712328767 	-0.042146518633598355 	-0.04219098987148401 	
-9.64971177332682 	-4.832284931506849 	-0.041778826000288614 	-0.041836551516349935 	
-9.63970688812897 	-4.807693150684932 	-0.04138497524905599 	-0.041455132273130066 	
-9.629702002931118 	-4.783101369863013 	-0.040970826054608604 	-0.04104977597568897 	
-9.619697117733269 	-4.758509589041096 	-0.040543994224607756 	-0.0406275222098439 	
-9.609692232535417 	-4.733917808219178 	-0.0401088858330739 	-0.04019431546447106 	
-9.599687347337568 	-4.70932602739726 	-0.03966289966576525 	-0.03975063753349906 	
-9.589682462139717 	-4.684734246575342 	-0.03919523969271296 	-0.039289322142127076 	
-9.579677576941867 	-4.660142465753425 	-0.038688159875376264 	-0.038796057243403306 	
-9.569672691744016 	-4.6355506849315065 	-0.03811851934879146 	-0.038250916384679035 	
-9.559667806546166 	-4.610958904109589 	-0.03745798891248059 	-0.03762875005907898 	
-9.549662921348315 	-4.586367123287671 	-0.03667294591960248 	-0.036898516129459574 	
-9.539658036150465 	-4.5617753424657534 	-0.03572692423828107 	-0.036024207997043346 	
-9.529653150952614 	-4.537183561643835 	-0.03458726693787459 	-0.03496992397096319 	
-9.519648265754764 	-4.512591780821918 	-0.03323460317236901 	-0.03370882693264227 	
-9.509643380556913 	-4.4879999999999995 	-0.031671775155809365 	-0.03223301020146363 	
-9.499638495359061 	-4.463408219178082 	-0.02992900176661545 	-0.030560686560675027 	
-9.489633610161212 	-4.438816438356165 	-0.028063221985865403 	-0.028738147751171658 	
-9.47962872496336 	-4.4142246575342465 	-0.026150535329694833 	-0.026835062331980578 	
-9.46962383976551 	-4.389632876712328 	-0.024271891010739635 	-0.0249326780682442 	
-9.45961895456766 	-4.365041095890411 	-0.022494638236956802 	-0.02310642095127967 	
-9.44961406936981 	-4.3404493150684935 	-0.020855664058974866 	-0.021407445083570068 	
-9.439609184171958 	-4.315857534246575 	-0.01935332332439202 	-0.019850125953733713 	
-9.429604298974109 	-4.291265753424657 	-0.017953140625626255 	-0.01841187078629307 	
-9.419599413776258 	-4.26667397260274 	-0.016606505748298566 	-0.01704708023659217 	
-9.409594528578408 	-4.242082191780822 	-0.015275043942297867 	-0.015710439974531726 	
-9.399589643380557 	-4.217490410958904 	-0.013949798559765534 	-0.014379560910220067 	
-9.389584758182707 	-4.192898630136986 	-0.012656229070673855 	-0.013066532072901246 	
-9.379579872984856 	-4.168306849315068 	-0.01144273632644117 	-0.011812928531428436 	
-9.369574987787006 	-4.143715068493151 	-0.010358623291689269 	-0.010670900217008112 	
-9.359570102589155 	-4.119123287671233 	-0.009432704461993464 	-0.009679965078334383 	
-9.349565217391305 	-4.094531506849314 	-0.008663137595623033 	-0.008851172554086868 	
-9.339560332193454 	-4.069939726027397 	-0.00802261154864402 	-0.008166015067536732 	
-9.329555446995604 	-4.04534794520548 	-0.007474458851161355 	-0.007589124488101683 	
-9.319550561797753 	-4.020756164383561 	-0.006989784577819305 	-0.007086390236969549 	
-9.309545676599903 	-3.9961643835616436 	-0.006556551645289025 	-0.0066382168238703805 	
-9.299540791402052 	-3.971572602739726 	-0.006177668652858929 	-0.006242017803322704 	
-9.289535906204202 	-3.946980821917808 	-0.0058620536141310055 	-0.005905310725277236 	
-9.27953102100635 	-3.92238904109589 	-0.005615907242312981 	-0.005635982081254212 	
-9.269526135808501 	-3.8977972602739723 	-0.005439459929365834 	-0.005436416537976183 	
-9.25952125061065 	-3.8732054794520545 	-0.005329350296380952 	-0.005303907112421689 	
-9.249516365412799 	-3.8486136986301367 	-0.005282590873155037 	-0.005234661823505875 	
-9.239511480214949 	-3.824021917808219 	-0.005297749732451673 	-0.005226598626302586 	
-9.229506595017098 	-3.799430136986301 	-0.005372201694695262 	-0.0052781458690351725 	
-9.219501709819248 	-3.7748383561643832 	-0.005497964785657161 	-0.005384209796571775 	
-9.209496824621397 	-3.7502465753424654 	-0.005659769261217986 	-0.005532885634413873 	
-9.199491939423547 	-3.7256547945205476 	-0.005837261042816146 	-0.005705808479257231 	
-9.189487054225696 	-3.7010630136986298 	-0.006010481479978356 	-0.0058824435284589045 	
-9.179482169027846 	-3.676471232876712 	-0.006165816527640294 	-0.006046182216532043 	
-9.169477283829995 	-3.6518794520547946 	-0.0062991254733191235 	-0.00618897255096415 	
-9.159472398632145 	-3.6272876712328768 	-0.006413852183180269 	-0.0063116235145875554 	
-9.149467513434294 	-3.602695890410959 	-0.006514525399699569 	-0.006418961691422615 	
-9.139462628236444 	-3.578104109589041 	-0.0065991764565460805 	-0.006512160906008838 	
-9.129457743038593 	-3.5535123287671233 	-0.006655710019935906 	-0.006583021783699938 	
-9.119452857840743 	-3.5289205479452055 	-0.00666539677354731 	-0.006614556844085659 	
-9.109447972642892 	-3.5043287671232877 	-0.006611986958452112 	-0.006588407149656741 	
-9.099443087445042 	-3.47973698630137 	-0.0064906544323971365 	-0.00649466759720461 	
-9.089438202247191 	-3.455145205479452 	-0.006310709140317754 	-0.006337511993809625 	
-9.079433317049341 	-3.430553424657534 	-0.006090565543979857 	-0.006132885298891225 	
-9.06942843185149 	-3.4059616438356164 	-0.005849354023050661 	-0.005900576422603002 	
-9.05942354665364 	-3.3813698630136986 	-0.005601655055997148 	-0.005657086415687549 	
-9.049418661455789 	-3.3567780821917808 	-0.005358201596410216 	-0.005414121627899612 	
-9.039413776257938 	-3.332186301369863 	-0.00512960140607634 	-0.005181841669589029 	
-9.029408891060088 	-3.307594520547945 	-0.004927838407355552 	-0.004971784421310388 	
-9.019404005862238 	-3.2830027397260273 	-0.004763436065814729 	-0.004795612368903368 	
-9.009399120664387 	-3.2584109589041095 	-0.004641020275062401 	-0.0046607106823942255 	
-8.999394235466536 	-3.2338191780821917 	-0.004557560596319752 	-0.00456693451044916 	
-8.989389350268686 	-3.209227397260274 	-0.0045047790040869595 	-0.004507467416451503 	
-8.979384465070835 	-3.184635616438356 	-0.004473548957163414 	-0.004472880972282101 	
-8.969379579872985 	-3.160043835616438 	-0.0044571379558403686 	-0.00445519957927382 	
-8.959374694675134 	-3.1354520547945204 	-0.004452007606459726 	-0.0044497066806019 	
-8.949369809477284 	-3.1108602739726026 	-0.004457137955840414 	-0.004454636184938155 	
-8.939364924279433 	-3.0862684931506847 	-0.004473548957163424 	-0.0044703555507423715 	
-8.929360039081583 	-3.061676712328767 	-0.004504779004086989 	-0.004499350997730191 	
-8.919355153883732 	-3.037084931506849 	-0.004557560596319783 	-0.004546935537650249 	
-8.909350268685882 	-3.0124931506849313 	-0.004641020275062422 	-0.004621268533745442 	
-8.899345383488031 	-2.9879013698630135 	-0.004763436065814746 	-0.004731185059454908 	
-8.889340498290181 	-2.9633095890410956 	-0.0049278384073555715 	-0.004882053076990752 	
-8.87933561309233 	-2.938717808219178 	-0.005129601406076339 	-0.005072234256845858 	
-8.86933072789448 	-2.91412602739726 	-0.005358201596410218 	-0.005293116924047228 	
-8.859325842696629 	-2.889534246575342 	-0.005601655055997133 	-0.005532860492391343 	
-8.84932095749878 	-2.8649424657534244 	-0.005849354023050667 	-0.005780330963767643 	
-8.839316072300928 	-2.8403506849315066 	-0.006090565543979861 	-0.0060253401925203795 	
-8.829311187103078 	-2.8157589041095887 	-0.006310709140317758 	-0.006255280232295441 	
-8.819306301905227 	-2.791167123287671 	-0.006490654432397125 	-0.00645266497661456 	
-8.809301416707378 	-2.766575342465753 	-0.006611986958452096 	-0.006598034751033542 	
-8.799296531509526 	-2.7419835616438353 	-0.00666539677354731 	-0.0066777265567862345 	
-8.789291646311675 	-2.7173917808219175 	-0.006655710019935913 	-0.006690920409565548 	
-8.779286761113825 	-2.6927999999999996 	-0.00659917645654607 	-0.006650137905468694 	
-8.769281875915976 	-2.668208219178082 	-0.006514525399699588 	-0.006574250935912979 	
-8.759276990718124 	-2.643616438356164 	-0.006413852183180282 	-0.006478680743479726 	
-8.749272105520273 	-2.619024657534246 	-0.006299125473319124 	-0.006369241355432881 	
-8.739267220322423 	-2.594432876712329 	-0.006165816527640293 	-0.006243089107099991 	
-8.729262335124572 	-2.569841095890411 	-0.006010481479978342 	-0.006095300432885645 	
-8.719257449926722 	-2.545249315068493 	-0.0058372610428161515 	-0.00592639687862897 	
-8.709252564728871 	-2.5206575342465753 	-0.005659769261217979 	-0.005746376876133383 	
-8.699247679531021 	-2.4960657534246575 	-0.005497964785657156 	-0.005573516924582658 	
-8.68924279433317 	-2.4714739726027397 	-0.005372201694695272 	-0.00542918037404142 	
-8.67923790913532 	-2.446882191780822 	-0.005297749732451677 	-0.005331637575939943 	
-8.669233023937469 	-2.422290410958904 	-0.005282590873155043 	-0.0052921163199522205 	
-8.65922813873962 	-2.3976986301369863 	-0.005329350296380958 	-0.005314978784933666 	
-8.649223253541768 	-2.3731068493150684 	-0.005439459929365826 	-0.0054013334942486545 	
-8.639218368343919 	-2.3485150684931506 	-0.005615907242312981 	-0.005552903516027514 	
-8.629213483146067 	-2.323923287671233 	-0.005862053614130993 	-0.005772736756595461 	
-8.619208597948218 	-2.299331506849315 	-0.006177668652858923 	-0.006062166532967667 	
-8.609203712750366 	-2.2747397260273967 	-0.006556551645289021 	-0.006417276072807124 	
-8.599198827552517 	-2.2501479452054793 	-0.006989784577819297 	-0.006829530668224434 	
-8.589193942354665 	-2.225556164383561 	-0.007474458851161353 	-0.007292491726507926 	
-8.579189057156816 	-2.2009643835616437 	-0.008022611548644 	-0.007811353744028278 	
-8.569184171958964 	-2.1763726027397254 	-0.008663137595623023 	-0.008408398757315357 	
-8.559179286761115 	-2.151780821917808 	-0.009432704461993468 	-0.0091185276339646 	
-8.549174401563263 	-2.12718904109589 	-0.01035862329168926 	-0.009974789685089126 	
-8.539169516365412 	-2.1025972602739724 	-0.011442736326441187 	-0.010990787133819875 	
-8.529164631167562 	-2.078005479452055 	-0.012656229070673854 	-0.012150166970090014 	
-8.519159745969713 	-2.053413698630137 	-0.013949798559765528 	-0.013410431786282156 	
-8.509154860771861 	-2.0288219178082194 	-0.015275043942297874 	-0.014720534624957506 	
-8.49914997557401 	-2.004230136986301 	-0.016606505748298542 	-0.016043891863056645 	
-8.48914509037616 	-1.9796383561643838 	-0.017953140625626255 	-0.017375181179651054 	
-8.47914020517831 	-1.9550465753424655 	-0.01935332332439202 	-0.018742307426011007 	
-8.46913531998046 	-1.9304547945205481 	-0.02085566405897484 	-0.020192371926020282 	
-8.459130434782608 	-1.9058630136986299 	-0.022494638236956813 	-0.02176827550808459 	
-8.449125549584759 	-1.8812712328767125 	-0.024271891010739653 	-0.023486670454116024 	
-8.439120664386907 	-1.8566794520547942 	-0.026150535329694836 	-0.02532651226419752 	
-8.429115779189058 	-1.8320876712328769 	-0.02806322198586541 	-0.027231750684764286 	
-8.419110893991206 	-1.8074958904109586 	-0.02992900176661544 	-0.029125238701096717 	
-8.409106008793357 	-1.7829041095890412 	-0.03167177515580939 	-0.030927147858905213 	
-8.399101123595505 	-1.758312328767123 	-0.033234603172369016 	-0.03257131946612283 	
-8.389096238397656 	-1.7337205479452056 	-0.03458726693787454 	-0.03401569991337497 	
-8.379091353199804 	-1.7091287671232873 	-0.03572692423828105 	-0.035245844166574856 	
-8.369086468001955 	-1.68453698630137 	-0.03667294591960249 	-0.03627209807403094 	
-8.359081582804103 	-1.6599452054794517 	-0.037457988912480575 	-0.037122048798954366 	
-8.349076697606254 	-1.6353534246575343 	-0.038118519348791464 	-0.037831019775505695 	
-8.339071812408402 	-1.610761643835616 	-0.038688159875376264 	-0.03843413173645331 	
-8.329066927210553 	-1.5861698630136987 	-0.03919523969271296 	-0.03896227509695524 	
-8.319062042012701 	-1.5615780821917804 	-0.03966289966576525 	-0.03944141096032438 	
-8.309057156814852 	-1.536986301369863 	-0.040108885833073885 	-0.03989246560578882 	
-8.299052271617 	-1.5123945205479448 	-0.04054399422460775 	-0.0403299169882987 	
-8.28904738641915 	-1.4878027397260274 	-0.040970826054608604 	-0.040759961298419016 	
-8.2790425012213 	-1.4632109589041091 	-0.04138497524905598 	-0.041180604407976246 	
-8.26903761602345 	-1.4386191780821918 	-0.04177882600028861 	-0.041584653136957736 	
-8.259032730825599 	-1.4140273972602735 	-0.04214651863359835 	-0.04196445623564594 	
-8.249027845627747 	-1.3894356164383561 	-0.04248912129619678 	-0.042317009791517896 	
-8.239022960429898 	-1.3648438356164379 	-0.04282014192019191 	-0.04264932983307705 	
-8.229018075232048 	-1.3402520547945205 	-0.043170812644815086 	-0.04298417242796489 	
-8.219013190034197 	-1.3156602739726022 	-0.04359222678267058 	-0.04336415526158272 	
-8.209008304836345 	-1.2910684931506848 	-0.04415019091401862 	-0.043850206593082135 	
-8.199003419638496 	-1.2664767123287666 	-0.0449108935382612 	-0.044511008680461456 	
-8.188998534440644 	-1.2418849315068492 	-0.04592051037094657 	-0.04540433670343919 	
-8.178993649242795 	-1.217293150684931 	-0.04718632296300531 	-0.04655638393935587 	
-8.168988764044943 	-1.1927013698630136 	-0.04866739972335287 	-0.04794754909373839 	
-8.158983878847094 	-1.1681095890410953 	-0.050278623586646976 	-0.04951069241223802 	
-8.148978993649242 	-1.143517808219178 	-0.05190559769536306 	-0.0511419597466219 	
-8.138974108451393 	-1.1189260273972597 	-0.053424013757013805 	-0.052718951603913426 	
-8.128969223253542 	-1.0943342465753423 	-0.054717774127280475 	-0.05411978280973472 	
-8.118964338055692 	-1.069742465753424 	-0.055693831317441794 	-0.055239425550666424 	
-8.10895945285784 	-1.0451506849315066 	-0.05629419659341058 	-0.05600310999842038 	
-8.098954567659991 	-1.0205589041095893 	-0.05650441132932408 	-0.05637685320984678 	
-8.08894968246214 	-0.995967123287671 	-0.05635486493318747 	-0.056372493668305136 	
-8.078944797264288 	-0.9713753424657536 	-0.05591110011402404 	-0.05604282541027602 	
-8.068939912066439 	-0.9467835616438354 	-0.055253898955191484 	-0.055465214641777894 	
-8.058935026868589 	-0.922191780821918 	-0.05445666915118456 	-0.05471868016344614 	
-8.048930141670738 	-0.8975999999999997 	-0.053570572033373565 	-0.0538646006023829 	
-8.038925256472886 	-0.8730082191780824 	-0.05262333621005406 	-0.052939761736468624 	
-8.028920371275037 	-0.8484164383561641 	-0.05162832714244273 	-0.051962282538285776 	
-8.018915486077187 	-0.8238246575342467 	-0.050593461853881 	-0.050942017683516076 	
-8.008910600879336 	-0.7992328767123285 	-0.04952081377285272 	-0.049884622615939025 	
-7.998905715681485 	-0.7746410958904111 	-0.04839618960814908 	-0.04878465146756691 	
-7.988900830483635 	-0.7500493150684928 	-0.04717631478618669 	-0.047612497521365725 	
-7.9788959452857835 	-0.7254575342465754 	-0.04578268678544713 	-0.04630469862404323 	
-7.968891060087934 	-0.7008657534246572 	-0.04410534226813007 	-0.04476378003568873 	
-7.9588861748900825 	-0.6762739726027398 	-0.042012600548940196 	-0.04286630470246687 	
-7.948881289692233 	-0.6516821917808215 	-0.0393602909869141 	-0.04047293273832461 	
-7.938876404494382 	-0.6270904109589042 	-0.03599692740283862 	-0.03743530204343445 	
-7.928871519296532 	-0.6024986301369859 	-0.03176588263211167 	-0.03359905771125557 	
-7.918866634098681 	-0.5779068493150685 	-0.026507642487018687 	-0.028805747868096993 	
-7.908861748900831 	-0.5533150684931503 	-0.020063606998457786 	-0.02289606105496827 	
-7.89885686370298 	-0.5287232876712329 	-0.01227962867105386 	-0.015713936671020667 	
-7.88885197850513 	-0.5041315068493146 	-0.0030054625578194273 	-0.0071082319308925735 	
-7.878847093307279 	-0.47953972602739725 	0.007912583438680352 	0.0030716243435947653 	
-7.868842208109429 	-0.454947945205479 	0.020644835250409173 	0.014986686784064875 	
-7.858837322911578 	-0.4303561643835616 	0.035393076839413846 	0.028823110088515118 	
-7.848832437713727 	-0.40576438356164335 	0.052403074656162486 	0.04480582217940278 	
-7.838827552515877 	-0.381172602739726 	0.0719744484969637 	0.06320928646594218 	
-7.828822667318026 	-0.3565808219178077 	0.09447062238901048 	0.08436718371643198 	
-7.818817782120176 	-0.33198904109589034 	0.12033072113144984 	0.108683652917498 	
-7.808812896922325 	-0.3073972602739721 	0.15008187517795477 	0.13664573334509184 	
-7.798808011724475 	-0.2828054794520547 	0.18435026931185 	0.1688344434935028 	
-7.788803126526624 	-0.25821369863013643 	0.223876201445851 	0.20593615671263468 	
-7.778798241328774 	-0.23362191780821906 	0.2695468668247036 	0.2487656181413144 	
-7.7687933561309235 	-0.2090301369863008 	0.32245322970216334 	0.2983146139149148 	
-7.758788470933073 	-0.18443835616438342 	0.3839303593028152 	0.35581315748570513 	
-7.7487835857352225 	-0.15984657534246516 	0.45544328645610777 	0.4227117130568139 	
-7.738778700537372 	-0.13525479452054778 	0.5380778261475305 	0.5003777078047803 	
-7.728773815339521 	-0.11066301369862952 	0.6314260358831737 	0.5892479281626001 	
-7.718768930141671 	-0.08607123287671214 	0.7319885046008091 	0.6873707117621 	
-7.70876404494382 	-0.06147945205479388 	0.8318308776601159 	0.7888041954693571 	
-7.69875915974597 	-0.03688767123287651 	0.9187101000531719 	0.8829593832626477 	
-7.688754274548119 	-0.012295890410958243 	0.9785733085685077 	0.9560639975682439 	
-7.678749389350269 	0.012295890410959132 	1.0 	0.9949703361562156 	
-7.668744504152418 	0.03688767123287651 	0.9785733085685077 	0.9918814918868646 	
-7.658739618954568 	0.06147945205479477 	0.9187101000531719 	0.9474925815487306 	
-7.648734733756717 	0.08607123287671214 	0.8318308776601159 	0.8706762838191238 	
-7.638729848558867 	0.11066301369863041 	0.7319885046008091 	0.7749203264708553 	
-7.628724963361016 	0.13525479452054778 	0.6314260358831737 	0.6736272056061399 	
-7.618720078163166 	0.15984657534246605 	0.5380778261475305 	0.5766705836417745 	
-7.608715192965315 	0.18443835616438342 	0.45544328645610765 	0.48932926127333826 	
-7.5987103077674645 	0.20903013698630168 	0.3839303593028152 	0.4131498296346861 	
-7.588705422569614 	0.23362191780821906 	0.3224532297021634 	0.34754205249250475 	
-7.5787005373717635 	0.2582136986301373 	0.2695468668247035 	0.2911298696880173 	
-7.568695652173913 	0.2828054794520547 	0.223876201445851 	0.24250062431431696 	
-7.558690766976063 	0.30739726027397296 	0.18435026931185 	0.20045970456077852 	
-7.548685881778212 	0.33198904109589034 	0.15008187517795477 	0.1640381971453637 	
-7.538680996580362 	0.3565808219178086 	0.12033072113144984 	0.13243679801136982 	
-7.528676111382511 	0.381172602739726 	0.09447062238901044 	0.10498266059545404 	
-7.518671226184661 	0.40576438356164424 	0.0719744484969637 	0.0811080134662714 	
-7.50866634098681 	0.4303561643835616 	0.05240307465616249 	0.06033780969818568 	
-7.49866145578896 	0.4549479452054799 	0.03539307683941381 	0.04227757405557921 	
-7.488656570591109 	0.47953972602739725 	0.02064483525040918 	0.02660106833838101 	
-7.478651685393258 	0.5041315068493155 	0.00791258343868036 	0.01303988150199387 	
-7.468646800195408 	0.5287232876712329 	-0.003005462557819427 	0.0013741954393026703 	
-7.458641914997557 	0.5533150684931512 	-0.012279628671053837 	-0.008578320514735668 	
-7.448637029799707 	0.5779068493150685 	-0.02006360699845778 	-0.01697672188730263 	
-7.438632144601856 	0.6024986301369868 	-0.02650764248701868 	-0.023971337104112592 	
-7.428627259404006 	0.6270904109589042 	-0.031765882632111685 	-0.02971399702007877 	
-7.418622374206155 	0.6516821917808224 	-0.03599692740283863 	-0.03436136687345923 	
-7.408617489008305 	0.6762739726027398 	-0.0393602909869141 	-0.03807274356517433 	
-7.398612603810454 	0.7008657534246581 	-0.04201260054894021 	-0.041006071177254466 	
-7.3886077186126045 	0.7254575342465754 	-0.04410534226813009 	-0.04331509780369586 	
-7.378602833414753 	0.7500493150684937 	-0.045782686785447106 	-0.045147522504453336 	
-7.368597948216903 	0.7746410958904111 	-0.047176314786186696 	-0.04664135260763092 	
-7.358593063019052 	0.7992328767123293 	-0.04839618960814908 	-0.047917151699798724 	
-7.348588177821202 	0.8238246575342467 	-0.04952081377285273 	-0.04906776705663377 	
-7.338583292623351 	0.848416438356165 	-0.05059346185388101 	-0.050151334309817205 	
-7.328578407425501 	0.8730082191780824 	-0.05162832714244274 	-0.05119327119639135 	
-7.31857352222765 	0.8976000000000006 	-0.05262333621005405 	-0.05219717729054216 	
-7.3085686370298 	0.922191780821918 	-0.05357057203337358 	-0.05315733939900827 	
-7.298563751831949 	0.9467835616438363 	-0.054456669151184536 	-0.0540636476091801 	
-7.288558866634099 	0.9713753424657536 	-0.055253898955191484 	-0.054895789236578584 	
-7.278553981436248 	0.9959671232876719 	-0.05591110011402404 	-0.05561295823990416 	
-7.268549096238398 	1.0205589041095893 	-0.0563548649331875 	-0.056149999959552416 	
-7.258544211040547 	1.0451506849315075 	-0.05650441132932408 	-0.05642689228059593 	
-7.248539325842696 	1.069742465753425 	-0.056294196593410555 	-0.05636919868441167 	
-7.238534440644846 	1.0943342465753423 	-0.0556938313174418 	-0.0559300926916872 	
-7.228529555446995 	1.1189260273972605 	-0.054717774127280495 	-0.05510462475076022 	
-7.2185246702491455 	1.143517808219178 	-0.053424013757013805 	-0.05393271399933389 	
-7.208519785051294 	1.1681095890410962 	-0.05190559769536306 	-0.05249332707668146 	
-7.1985148998534445 	1.1927013698630136 	-0.050278623586646976 	-0.050893975131496905 	
-7.188510014655593 	1.2172931506849318 	-0.0486673997233529 	-0.04925732347175853 	
-7.1785051294577435 	1.2418849315068492 	-0.047186322963005276 	-0.04770443601066011 	
-7.168500244259892 	1.2664767123287675 	-0.04592051037094656 	-0.04633531511304509 	
-7.158495359062043 	1.2910684931506848 	-0.044910893538261186 	-0.04521113990045897 	
-7.148490473864191 	1.315660273972603 	-0.04415019091401861 	-0.04434496004318464 	
-7.138485588666342 	1.3402520547945205 	-0.04359222678267058 	-0.04370547072544081 	
-7.12848070346849 	1.3648438356164387 	-0.04317081264481511 	-0.0432326627973657 	
-7.11847581827064 	1.3894356164383561 	-0.04282014192019191 	-0.04285855734088004 	
-7.108470933072789 	1.4140273972602744 	-0.042489121296196794 	-0.042524667889971196 	
-7.098466047874939 	1.4386191780821918 	-0.042146518633598355 	-0.04219098987148401 	
-7.088461162677088 	1.46321095890411 	-0.041778826000288614 	-0.041836551516349935 	
-7.078456277479238 	1.4878027397260274 	-0.04138497524905599 	-0.041455132273130066 	
-7.068451392281387 	1.5123945205479457 	-0.040970826054608604 	-0.04104977597568897 	
-7.058446507083537 	1.536986301369863 	-0.040543994224607756 	-0.0406275222098439 	
-7.0484416218856865 	1.5615780821917813 	-0.0401088858330739 	-0.04019431546447106 	
-7.038436736687836 	1.5861698630136987 	-0.03966289966576525 	-0.03975063753349906 	
-7.0284318514899855 	1.610761643835617 	-0.03919523969271296 	-0.039289322142127076 	
-7.018426966292135 	1.6353534246575343 	-0.038688159875376264 	-0.038796057243403306 	
-7.0084220810942846 	1.6599452054794526 	-0.03811851934879146 	-0.038250916384679035 	
-6.998417195896433 	1.68453698630137 	-0.03745798891248059 	-0.03762875005907898 	
-6.988412310698584 	1.7091287671232882 	-0.03667294591960248 	-0.036898516129459574 	
-6.978407425500732 	1.7337205479452065 	-0.03572692423828107 	-0.036024207997043346 	
-6.968402540302883 	1.758312328767123 	-0.03458726693787459 	-0.03496992397096319 	
-6.958397655105031 	1.7829041095890412 	-0.03323460317236901 	-0.03370882693264227 	
-6.948392769907182 	1.8074958904109595 	-0.031671775155809365 	-0.03223301020146363 	
-6.93838788470933 	1.8320876712328777 	-0.02992900176661545 	-0.030560686560675027 	
-6.928382999511481 	1.8566794520547942 	-0.028063221985865403 	-0.028738147751171658 	
-6.918378114313629 	1.8812712328767125 	-0.026150535329694833 	-0.026835062331980578 	
-6.90837322911578 	1.9058630136986308 	-0.024271891010739635 	-0.0249326780682442 	
-6.898368343917928 	1.930454794520549 	-0.022494638236956802 	-0.02310642095127967 	
-6.888363458720079 	1.9550465753424655 	-0.020855664058974866 	-0.021407445083570068 	
-6.8783585735222275 	1.9796383561643838 	-0.01935332332439202 	-0.019850125953733713 	
-6.868353688324377 	2.004230136986302 	-0.017953140625626255 	-0.01841187078629307 	
-6.8583488031265265 	2.0288219178082203 	-0.016606505748298566 	-0.01704708023659217 	
-6.848343917928676 	2.053413698630137 	-0.015275043942297867 	-0.015710439974531726 	
-6.8383390327308256 	2.078005479452055 	-0.013949798559765534 	-0.014379560910220067 	
-6.828334147532975 	2.1025972602739733 	-0.012656229070673855 	-0.013066532072901246 	
-6.818329262335125 	2.12718904109589 	-0.01144273632644117 	-0.011812928531428436 	
-6.808324377137274 	2.151780821917808 	-0.010358623291689269 	-0.010670900217008112 	
-6.798319491939424 	2.1763726027397263 	-0.009432704461993464 	-0.009679965078334383 	
-6.788314606741573 	2.2009643835616446 	-0.008663137595623033 	-0.008851172554086868 	
-6.778309721543723 	2.225556164383561 	-0.00802261154864402 	-0.008166015067536732 	
-6.768304836345872 	2.2501479452054793 	-0.007474458851161355 	-0.007589124488101683 	
-6.758299951148022 	2.2747397260273976 	-0.006989784577819305 	-0.007086390236969549 	
-6.74829506595017 	2.299331506849316 	-0.006556551645289025 	-0.0066382168238703805 	
-6.738290180752321 	2.3239232876712324 	-0.006177668652858929 	-0.006242017803322704 	
-6.728285295554469 	2.3485150684931506 	-0.0058620536141310055 	-0.005905310725277236 	
-6.71828041035662 	2.373106849315069 	-0.005615907242312981 	-0.005635982081254212 	
-6.7082755251587685 	2.397698630136987 	-0.005439459929365834 	-0.005436416537976183 	
-6.698270639960919 	2.4222904109589036 	-0.005329350296380952 	-0.005303907112421689 	
-6.6882657547630675 	2.446882191780822 	-0.005282590873155037 	-0.005234661823505875 	
-6.678260869565218 	2.47147397260274 	-0.005297749732451673 	-0.005226598626302586 	
-6.6682559843673666 	2.4960657534246584 	-0.005372201694695262 	-0.0052781458690351725 	
-6.658251099169517 	2.520657534246575 	-0.005497964785657161 	-0.005384209796571775 	
-6.648246213971666 	2.545249315068493 	-0.005659769261217986 	-0.005532885634413873 	
-6.638241328773815 	2.5698410958904114 	-0.005837261042816146 	-0.005705808479257231 	
-6.628236443575965 	2.5944328767123297 	-0.006010481479978356 	-0.0058824435284589045 	
-6.618231558378114 	2.619024657534246 	-0.006165816527640294 	-0.006046182216532043 	
-6.608226673180264 	2.6436164383561644 	-0.0062991254733191235 	-0.00618897255096415 	
-6.598221787982413 	2.6682082191780827 	-0.006413852183180269 	-0.0063116235145875554 	
-6.588216902784563 	2.692800000000001 	-0.006514525399699569 	-0.006418961691422615 	
-6.578212017586712 	2.7173917808219175 	-0.0065991764565460805 	-0.006512160906008838 	
-6.568207132388862 	2.7419835616438357 	-0.006655710019935906 	-0.006583021783699938 	
-6.558202247191011 	2.766575342465754 	-0.00666539677354731 	-0.006614556844085659 	
-6.548197361993161 	2.7911671232876722 	-0.006611986958452112 	-0.006588407149656741 	
-6.53819247679531 	2.8157589041095887 	-0.0064906544323971365 	-0.00649466759720461 	
-6.52818759159746 	2.840350684931507 	-0.006310709140317754 	-0.006337511993809625 	
-6.5181827063996085 	2.8649424657534253 	-0.006090565543979857 	-0.006132885298891225 	
-6.508177821201759 	2.8895342465753435 	-0.005849354023050661 	-0.005900576422603002 	
-6.4981729360039076 	2.91412602739726 	-0.005601655055997148 	-0.005657086415687549 	
-6.488168050806058 	2.9387178082191783 	-0.005358201596410216 	-0.005414121627899612 	
-6.478163165608207 	2.9633095890410965 	-0.00512960140607634 	-0.005181841669589029 	
-6.468158280410357 	2.987901369863015 	-0.004927838407355552 	-0.004971784421310388 	
-6.458153395212506 	3.0124931506849313 	-0.004763436065814729 	-0.004795612368903368 	
-6.448148510014656 	3.0370849315068495 	-0.004641020275062401 	-0.0046607106823942255 	
-6.438143624816805 	3.061676712328768 	-0.004557560596319752 	-0.00456693451044916 	
-6.428138739618955 	3.086268493150686 	-0.0045047790040869595 	-0.004507467416451503 	
-6.418133854421104 	3.1108602739726026 	-0.004473548957163414 	-0.004472880972282101 	
-6.408128969223254 	3.135452054794521 	-0.0044571379558403686 	-0.00445519957927382 	
-6.398124084025403 	3.160043835616439 	-0.004452007606459726 	-0.0044497066806019 	
-6.388119198827552 	3.1846356164383556 	-0.004457137955840414 	-0.004454636184938155 	
-6.378114313629702 	3.209227397260274 	-0.004473548957163424 	-0.0044703555507423715 	
-6.368109428431851 	3.233819178082192 	-0.004504779004086989 	-0.004499350997730191 	
-6.358104543234001 	3.2584109589041104 	-0.004557560596319783 	-0.004546935537650249 	
-6.34809965803615 	3.283002739726027 	-0.004641020275062422 	-0.004621268533745442 	
-6.3380947728383 	3.307594520547945 	-0.004763436065814746 	-0.004731185059454908 	
-6.328089887640449 	3.3321863013698634 	-0.0049278384073555715 	-0.004882053076990752 	
-6.318085002442599 	3.3567780821917816 	-0.005129601406076339 	-0.005072234256845858 	
-6.3080801172447485 	3.381369863013698 	-0.005358201596410218 	-0.005293116924047228 	
-6.298075232046898 	3.4059616438356164 	-0.005601655055997133 	-0.005532860492391343 	
-6.2880703468490475 	3.4305534246575347 	-0.005849354023050667 	-0.005780330963767643 	
-6.278065461651197 	3.455145205479453 	-0.006090565543979861 	-0.0060253401925203795 	
-6.268060576453346 	3.4797369863013694 	-0.006310709140317758 	-0.006255280232295441 	
-6.258055691255496 	3.5043287671232877 	-0.006490654432397125 	-0.00645266497661456 	
-6.248050806057645 	3.528920547945206 	-0.006611986958452096 	-0.006598034751033542 	
-6.238045920859795 	3.553512328767124 	-0.00666539677354731 	-0.0066777265567862345 	
-6.228041035661945 	3.5781041095890407 	-0.006655710019935913 	-0.006690920409565548 	
-6.218036150464094 	3.602695890410959 	-0.00659917645654607 	-0.006650137905468694 	
-6.208031265266243 	3.627287671232877 	-0.006514525399699588 	-0.006574250935912979 	
-6.198026380068392 	3.6518794520547955 	-0.006413852183180282 	-0.006478680743479726 	
-6.188021494870542 	3.676471232876712 	-0.006299125473319124 	-0.006369241355432881 	
-6.178016609672691 	3.70106301369863 	-0.006165816527640293 	-0.006243089107099991 	
-6.168011724474841 	3.7256547945205485 	-0.006010481479978342 	-0.006095300432885645 	
-6.15800683927699 	3.7502465753424667 	-0.0058372610428161515 	-0.00592639687862897 	
-6.14800195407914 	3.7748383561643832 	-0.005659769261217979 	-0.005746376876133383 	
-6.1379970688812895 	3.7994301369863015 	-0.005497964785657156 	-0.005573516924582658 	
-6.127992183683439 	3.8240219178082198 	-0.005372201694695272 	-0.00542918037404142 	
-6.1179872984855885 	3.848613698630138 	-0.005297749732451677 	-0.005331637575939943 	
-6.107982413287738 	3.8732054794520545 	-0.005282590873155043 	-0.0052921163199522205 	
-6.097977528089888 	3.8977972602739728 	-0.005329350296380958 	-0.005314978784933666 	
-6.087972642892037 	3.922389041095891 	-0.005439459929365826 	-0.0054013334942486545 	
-6.077967757694187 	3.9469808219178093 	-0.005615907242312981 	-0.005552903516027514 	
-6.067962872496336 	3.971572602739726 	-0.005862053614130993 	-0.005772736756595461 	
-6.057957987298486 	3.996164383561644 	-0.006177668652858923 	-0.006062166532967667 	
-6.047953102100635 	4.020756164383562 	-0.006556551645289021 	-0.006417276072807124 	
-6.037948216902785 	4.045347945205481 	-0.006989784577819297 	-0.006829530668224434 	
-6.027943331704934 	4.069939726027397 	-0.007474458851161353 	-0.007292491726507926 	
-6.017938446507084 	4.094531506849315 	-0.008022611548644 	-0.007811353744028278 	
-6.007933561309233 	4.119123287671234 	-0.008663137595623023 	-0.008408398757315357 	
-5.997928676111383 	4.143715068493152 	-0.009432704461993468 	-0.0091185276339646 	
-5.987923790913532 	4.168306849315068 	-0.01035862329168926 	-0.009974789685089126 	
-5.977918905715682 	4.192898630136987 	-0.011442736326441187 	-0.010990787133819875 	
-5.9679140205178305 	4.217490410958905 	-0.012656229070673854 	-0.012150166970090014 	
-5.95790913531998 	4.242082191780821 	-0.013949798559765528 	-0.013410431786282156 	
-5.9479042501221295 	4.26667397260274 	-0.015275043942297874 	-0.014720534624957506 	
-5.937899364924279 	4.291265753424658 	-0.016606505748298542 	-0.016043891863056645 	
-5.927894479726429 	4.315857534246576 	-0.017953140625626255 	-0.017375181179651054 	
-5.917889594528578 	4.340449315068493 	-0.01935332332439202 	-0.018742307426011007 	
-5.907884709330728 	4.365041095890411 	-0.02085566405897484 	-0.020192371926020282 	
-5.897879824132877 	4.389632876712329 	-0.022494638236956813 	-0.02176827550808459 	
-5.887874938935027 	4.414224657534247 	-0.024271891010739653 	-0.023486670454116024 	
-5.877870053737176 	4.438816438356164 	-0.026150535329694836 	-0.02532651226419752 	
-5.867865168539326 	4.463408219178082 	-0.02806322198586541 	-0.027231750684764286 	
-5.857860283341475 	4.488 	-0.02992900176661544 	-0.029125238701096717 	
-5.847855398143625 	4.512591780821919 	-0.03167177515580939 	-0.030927147858905213 	
-5.837850512945774 	4.537183561643835 	-0.033234603172369016 	-0.03257131946612283 	
-5.827845627747924 	4.5617753424657534 	-0.03458726693787454 	-0.03401569991337497 	
-5.817840742550073 	4.586367123287672 	-0.03572692423828105 	-0.035245844166574856 	
-5.807835857352223 	4.61095890410959 	-0.03667294591960249 	-0.03627209807403094 	
-5.797830972154372 	4.6355506849315065 	-0.037457988912480575 	-0.037122048798954366 	
-5.787826086956522 	4.660142465753425 	-0.038118519348791464 	-0.037831019775505695 	
-5.777821201758671 	4.684734246575343 	-0.038688159875376264 	-0.03843413173645331 	
-5.767816316560821 	4.709326027397261 	-0.03919523969271296 	-0.03896227509695524 	
-5.7578114313629705 	4.733917808219178 	-0.03966289966576525 	-0.03944141096032438 	
-5.74780654616512 	4.758509589041096 	-0.040108885833073885 	-0.03989246560578882 	
-5.7378016609672695 	4.783101369863014 	-0.04054399422460775 	-0.0403299169882987 	
-5.727796775769419 	4.8076931506849325 	-0.040970826054608604 	-0.040759961298419016 	
-5.717791890571568 	4.832284931506849 	-0.04138497524905598 	-0.041180604407976246 	
-5.707787005373717 	4.856876712328767 	-0.04177882600028861 	-0.041584653136957736 	
-5.697782120175867 	4.8814684931506855 	-0.04214651863359835 	-0.04196445623564594 	
-5.687777234978016 	4.906060273972604 	-0.04248912129619678 	-0.042317009791517896 	
-5.677772349780166 	4.93065205479452 	-0.04282014192019191 	-0.04264932983307705 	
-5.667767464582315 	4.9552438356164386 	-0.043170812644815086 	-0.04298417242796489 	
-5.657762579384465 	4.979835616438357 	-0.04359222678267058 	-0.04336415526158272 	
-5.647757694186614 	5.004427397260275 	-0.04415019091401862 	-0.043850206593082135 	
-5.637752808988764 	5.029019178082192 	-0.0449108935382612 	-0.044511008680461456 	
-5.627747923790913 	5.05361095890411 	-0.04592051037094657 	-0.04540433670343919 	
-5.617743038593063 	5.078202739726028 	-0.04718632296300531 	-0.04655638393935587 	
-5.607738153395212 	5.102794520547946 	-0.04866739972335287 	-0.04794754909373839 	
-5.597733268197362 	5.127386301369863 	-0.050278623586646976 	-0.04951069241223802 	
-5.5877283829995115 	5.151978082191781 	-0.05190559769536306 	-0.0511419597466219 	
-5.577723497801661 	5.176569863013699 	-0.053424013757013805 	-0.052718951603913426 	
-5.5677186126038105 	5.201161643835618 	-0.054717774127280475 	-0.05411978280973472 	
-5.55771372740596 	5.225753424657534 	-0.055693831317441794 	-0.055239425550666424 	
-5.54770884220811 	5.250345205479452 	-0.05629419659341058 	-0.05600310999842038 	
-5.537703957010259 	5.274936986301371 	-0.05650441132932408 	-0.05637685320984678 	
-5.527699071812409 	5.299528767123287 	-0.05635486493318747 	-0.056372493668305136 	
-5.517694186614558 	5.324120547945205 	-0.05591110011402404 	-0.05604282541027602 	
-5.507689301416708 	5.348712328767124 	-0.055253898955191484 	-0.055465214641777894 	
-5.497684416218857 	5.373304109589042 	-0.05445666915118456 	-0.05471868016344614 	
-5.487679531021007 	5.397895890410958 	-0.053570572033373565 	-0.0538646006023829 	
-5.477674645823155 	5.422487671232877 	-0.05262333621005406 	-0.052939761736468624 	
-5.467669760625305 	5.447079452054795 	-0.05162832714244273 	-0.051962282538285776 	
-5.457664875427454 	5.471671232876713 	-0.050593461853881 	-0.050942017683516076 	
-5.447659990229604 	5.49626301369863 	-0.04952081377285272 	-0.049884622615939025 	
-5.437655105031753 	5.520854794520548 	-0.04839618960814908 	-0.04878465146756691 	
-5.427650219833903 	5.545446575342466 	-0.04717631478618669 	-0.047612497521365725 	
-5.4176453346360525 	5.5700383561643845 	-0.04578268678544713 	-0.04630469862404323 	
-5.407640449438202 	5.594630136986301 	-0.04410534226813007 	-0.04476378003568873 	
-5.3976355642403515 	5.619221917808219 	-0.042012600548940196 	-0.04286630470246687 	
-5.387630679042501 	5.6438136986301375 	-0.0393602909869141 	-0.04047293273832461 	
-5.377625793844651 	5.668405479452056 	-0.03599692740283862 	-0.03743530204343445 	
-5.3676209086468 	5.692997260273972 	-0.03176588263211167 	-0.03359905771125557 	
-5.35761602344895 	5.7175890410958905 	-0.026507642487018687 	-0.028805747868096993 	
-5.347611138251099 	5.742180821917809 	-0.020063606998457786 	-0.02289606105496827 	
-5.337606253053249 	5.766772602739727 	-0.01227962867105386 	-0.015713936671020667 	
-5.327601367855398 	5.7913643835616435 	-0.0030054625578194273 	-0.0071082319308925735 	
-5.317596482657548 	5.815956164383562 	0.007912583438680352 	0.0030716243435947653 	
-5.307591597459697 	5.84054794520548 	0.020644835250409173 	0.014986686784064875 	
-5.297586712261847 	5.865139726027398 	0.035393076839413846 	0.028823110088515118 	
-5.287581827063996 	5.889731506849315 	0.052403074656162486 	0.04480582217940278 	
-5.277576941866146 	5.914323287671233 	0.0719744484969637 	0.06320928646594218 	
-5.267572056668295 	5.938915068493151 	0.09447062238901048 	0.08436718371643198 	
-5.257567171470445 	5.96350684931507 	0.12033072113144984 	0.108683652917498 	
-5.247562286272594 	5.988098630136986 	0.15008187517795477 	0.13664573334509184 	
-5.237557401074743 	6.012690410958904 	0.18435026931185 	0.1688344434935028 	
-5.2275525158768925 	6.037282191780823 	0.223876201445851 	0.20593615671263468 	
-5.217547630679042 	6.061873972602741 	0.2695468668247036 	0.2487656181413144 	
-5.207542745481192 	6.086465753424657 	0.32245322970216334 	0.2983146139149148 	
-5.197537860283341 	6.111057534246576 	0.3839303593028152 	0.35581315748570513 	
-5.187532975085491 	6.135649315068494 	0.45544328645610777 	0.4227117130568139 	
-5.17752808988764 	6.160241095890412 	0.5380778261475305 	0.5003777078047803 	
-5.16752320468979 	6.184832876712329 	0.6314260358831737 	0.5892479281626001 	
-5.157518319491939 	6.209424657534247 	0.7319885046008091 	0.6873707117621 	
-5.147513434294089 	6.234016438356165 	0.8318308776601159 	0.7888041954693571 	
-5.137508549096238 	6.258608219178083 	0.9187101000531719 	0.8829593832626477 	
-5.127503663898388 	6.2832 	0.9785733085685077 	0.9560639975682439 	
-5.117498778700537 	- 	- 	- 	
-5.107493893502687 	- 	- 	- 	
-5.097489008304836 	- 	- 	- 	
-5.087484123106986 	- 	- 	- 	
-5.077479237909135 	- 	- 	- 	
-5.067474352711285 	- 	- 	- 	
-5.057469467513434 	- 	- 	- 	
-5.047464582315584 	- 	- 	- 	
-5.0374596971177334 	- 	- 	- 	
-5.027454811919883 	- 	- 	- 	
-5.0174499267220325 	- 	- 	- 	
-5.007445041524182 	- 	- 	- 	
-4.9974401563263315 	- 	- 	- 	
-4.98743527112848 	- 	- 	- 	
-4.97743038593063 	- 	- 	- 	
-4.967425500732779 	- 	- 	- 	
-4.957420615534929 	- 	- 	- 	
-4.947415730337078 	- 	- 	- 	
-4.937410845139228 	- 	- 	- 	
-4.927405959941377 	- 	- 	- 	
-4.917401074743527 	- 	- 	- 	
-4.907396189545676 	- 	- 	- 	
-4.897391304347826 	- 	- 	- 	
-4.887386419149975 	- 	- 	- 	
-4.877381533952125 	- 	- 	- 	
-4.8673766487542744 	- 	- 	- 	
-4.857371763556424 	- 	- 	- 	
-4.8473668783585735 	- 	- 	- 	
-4.837361993160723 	- 	- 	- 	
-4.8273571079628725 	- 	- 	- 	
-4.817352222765022 	- 	- 	- 	
-4.807347337567172 	- 	- 	- 	
-4.797342452369321 	- 	- 	- 	
-4.787337567171471 	- 	- 	- 	
-4.77733268197362 	- 	- 	- 	
-4.76732779677577 	- 	- 	- 	
-4.757322911577919 	- 	- 	- 	
-4.747318026380068 	- 	- 	- 	
-4.737313141182217 	- 	- 	- 	
-4.727308255984367 	- 	- 	- 	
-4.717303370786516 	- 	- 	- 	
-4.707298485588666 	- 	- 	- 	
-4.6972936003908154 	- 	- 	- 	
-4.687288715192965 	- 	- 	- 	
-4.6772838299951145 	- 	- 	- 	
-4.667278944797264 	- 	- 	- 	
-4.6572740595994135 	- 	- 	- 	
-4.647269174401563 	- 	- 	- 	
-4.637264289203713 	- 	- 	- 	
-4.627259404005862 	- 	- 	- 	
-4.617254518808012 	- 	- 	- 	
-4.607249633610161 	- 	- 	- 	
-4.597244748412311 	- 	- 	- 	
-4.58723986321446 	- 	- 	- 	
-4.57723497801661 	- 	- 	- 	
-4.567230092818759 	- 	- 	- 	
-4.557225207620909 	- 	- 	- 	
-4.547220322423058 	- 	- 	- 	
-4.537215437225208 	- 	- 	- 	
-4.527210552027357 	- 	- 	- 	
-4.517205666829507 	- 	- 	- 	
-4.5072007816316555 	- 	- 	- 	
-4.497195896433805 	- 	- 	- 	
-4.4871910112359545 	- 	- 	- 	
-4.477186126038104 	- 	- 	- 	
-4.467181240840254 	- 	- 	- 	
-4.457176355642403 	- 	- 	- 	
-4.447171470444553 	- 	- 	- 	
-4.437166585246702 	- 	- 	- 	
-4.427161700048852 	- 	- 	- 	
-4.417156814851001 	- 	- 	- 	
-4.407151929653151 	- 	- 	- 	
-4.3971470444553 	- 	- 	- 	
-4.38714215925745 	- 	- 	- 	
-4.377137274059599 	- 	- 	- 	
-4.367132388861749 	- 	- 	- 	
-4.357127503663898 	- 	- 	- 	
-4.347122618466048 	- 	- 	- 	
-4.337117733268197 	- 	- 	- 	
-4.327112848070347 	- 	- 	- 	
-4.317107962872496 	- 	- 	- 	
-4.307103077674646 	- 	- 	- 	
-4.2970981924767955 	- 	- 	- 	
-4.287093307278945 	- 	- 	- 	
-4.2770884220810945 	- 	- 	- 	
-4.267083536883244 	- 	- 	- 	
-4.257078651685393 	- 	- 	- 	
-4.247073766487542 	- 	- 	- 	
-4.237068881289692 	- 	- 	- 	
-4.227063996091841 	- 	- 	- 	
-4.217059110893991 	- 	- 	- 	
-4.20705422569614 	- 	- 	- 	
-4.19704934049829 	- 	- 	- 	
-4.187044455300439 	- 	- 	- 	
-4.177039570102589 	- 	- 	- 	
-4.167034684904738 	- 	- 	- 	
-4.157029799706888 	- 	- 	- 	
-4.147024914509037 	- 	- 	- 	
-4.137020029311187 	- 	- 	- 	
-4.1270151441133365 	- 	- 	- 	
-4.117010258915486 	- 	- 	- 	
-4.1070053737176355 	- 	- 	- 	
-4.097000488519785 	- 	- 	- 	
-4.086995603321935 	- 	- 	- 	
-4.076990718124084 	- 	- 	- 	
-4.066985832926234 	- 	- 	- 	
-4.056980947728383 	- 	- 	- 	
-4.046976062530533 	- 	- 	- 	
-4.036971177332682 	- 	- 	- 	
-4.026966292134832 	- 	- 	- 	
-4.01696140693698 	- 	- 	- 	
-4.00695652173913 	- 	- 	- 	
-3.9969516365412794 	- 	- 	- 	
-3.986946751343429 	- 	- 	- 	
-3.9769418661455784 	- 	- 	- 	
-3.966936980947728 	- 	- 	- 	
-3.9569320957498775 	- 	- 	- 	
-3.946927210552027 	- 	- 	- 	
-3.9369223253541765 	- 	- 	- 	
-3.926917440156326 	- 	- 	- 	
-3.9169125549584756 	- 	- 	- 	
-3.906907669760625 	- 	- 	- 	
-3.8969027845627746 	- 	- 	- 	
-3.886897899364924 	- 	- 	- 	
-3.8768930141670737 	- 	- 	- 	
-3.866888128969223 	- 	- 	- 	
-3.8568832437713727 	- 	- 	- 	
-3.8468783585735222 	- 	- 	- 	
-3.8368734733756718 	- 	- 	- 	
-3.8268685881778213 	- 	- 	- 	
-3.816863702979971 	- 	- 	- 	
-3.8068588177821203 	- 	- 	- 	
-3.79685393258427 	- 	- 	- 	
-3.7868490473864194 	- 	- 	- 	
-3.776844162188569 	- 	- 	- 	
-3.7668392769907175 	- 	- 	- 	
-3.756834391792867 	- 	- 	- 	
-3.7468295065950166 	- 	- 	- 	
-3.736824621397166 	- 	- 	- 	
-3.7268197361993156 	- 	- 	- 	
-3.716814851001465 	- 	- 	- 	
-3.7068099658036147 	- 	- 	- 	
-3.696805080605764 	- 	- 	- 	
-3.6868001954079137 	- 	- 	- 	
-3.6767953102100632 	- 	- 	- 	
-3.6667904250122128 	- 	- 	- 	
-3.6567855398143623 	- 	- 	- 	
-3.646780654616512 	- 	- 	- 	
-3.6367757694186613 	- 	- 	- 	
-3.626770884220811 	- 	- 	- 	
-3.6167659990229604 	- 	- 	- 	
-3.60676111382511 	- 	- 	- 	
-3.5967562286272594 	- 	- 	- 	
-3.586751343429409 	- 	- 	- 	
-3.5767464582315585 	- 	- 	- 	
-3.566741573033708 	- 	- 	- 	
-3.5567366878358575 	- 	- 	- 	
-3.546731802638007 	- 	- 	- 	
-3.5367269174401565 	- 	- 	- 	
-3.526722032242305 	- 	- 	- 	
-3.5167171470444547 	- 	- 	- 	
-3.5067122618466042 	- 	- 	- 	
-3.4967073766487538 	- 	- 	- 	
-3.4867024914509033 	- 	- 	- 	
-3.476697606253053 	- 	- 	- 	
-3.4666927210552023 	- 	- 	- 	
-3.456687835857352 	- 	- 	- 	
-3.4466829506595014 	- 	- 	- 	
-3.436678065461651 	- 	- 	- 	
-3.4266731802638004 	- 	- 	- 	
-3.41666829506595 	- 	- 	- 	
-3.4066634098680995 	- 	- 	- 	
-3.396658524670249 	- 	- 	- 	
-3.3866536394723985 	- 	- 	- 	
-3.376648754274548 	- 	- 	- 	
-3.3666438690766975 	- 	- 	- 	
-3.356638983878847 	- 	- 	- 	
-3.3466340986809966 	- 	- 	- 	
-3.336629213483146 	- 	- 	- 	
-3.3266243282852956 	- 	- 	- 	
-3.316619443087445 	- 	- 	- 	
-3.3066145578895947 	- 	- 	- 	
-3.296609672691744 	- 	- 	- 	
-3.286604787493893 	- 	- 	- 	
-3.2765999022960424 	- 	- 	- 	
-3.266595017098192 	- 	- 	- 	
-3.2565901319003414 	- 	- 	- 	
-3.246585246702491 	- 	- 	- 	
-3.2365803615046405 	- 	- 	- 	
-3.22657547630679 	- 	- 	- 	
-3.2165705911089395 	- 	- 	- 	
-3.206565705911089 	- 	- 	- 	
-3.1965608207132385 	- 	- 	- 	
-3.186555935515388 	- 	- 	- 	
-3.1765510503175376 	- 	- 	- 	
-3.166546165119687 	- 	- 	- 	
-3.1565412799218366 	- 	- 	- 	
-3.146536394723986 	- 	- 	- 	
-3.1365315095261357 	- 	- 	- 	
-3.126526624328285 	- 	- 	- 	
-3.1165217391304347 	- 	- 	- 	
-3.1065168539325843 	- 	- 	- 	
-3.0965119687347338 	- 	- 	- 	
-3.0865070835368833 	- 	- 	- 	
-3.076502198339033 	- 	- 	- 	
-3.0664973131411823 	- 	- 	- 	
-3.056492427943332 	- 	- 	- 	
-3.0464875427454814 	- 	- 	- 	
-3.03648265754763 	- 	- 	- 	
-3.0264777723497795 	- 	- 	- 	
-3.016472887151929 	- 	- 	- 	
-3.0064680019540786 	- 	- 	- 	
-2.996463116756228 	- 	- 	- 	
-2.9864582315583776 	- 	- 	- 	
-2.976453346360527 	- 	- 	- 	
-2.9664484611626767 	- 	- 	- 	
-2.956443575964826 	- 	- 	- 	
-2.9464386907669757 	- 	- 	- 	
-2.9364338055691253 	- 	- 	- 	
-2.9264289203712748 	- 	- 	- 	
-2.9164240351734243 	- 	- 	- 	
-2.906419149975574 	- 	- 	- 	
-2.8964142647777233 	- 	- 	- 	
-2.886409379579873 	- 	- 	- 	
-2.8764044943820224 	- 	- 	- 	
-2.866399609184172 	- 	- 	- 	
-2.8563947239863214 	- 	- 	- 	
-2.846389838788471 	- 	- 	- 	
-2.8363849535906205 	- 	- 	- 	
-2.82638006839277 	- 	- 	- 	
-2.8163751831949195 	- 	- 	- 	
-2.806370297997069 	- 	- 	- 	
-2.7963654127992177 	- 	- 	- 	
-2.786360527601367 	- 	- 	- 	
-2.7763556424035167 	- 	- 	- 	
-2.7663507572056663 	- 	- 	- 	
-2.756345872007816 	- 	- 	- 	
-2.7463409868099653 	- 	- 	- 	
-2.736336101612115 	- 	- 	- 	
-2.7263312164142643 	- 	- 	- 	
-2.716326331216414 	- 	- 	- 	
-2.7063214460185634 	- 	- 	- 	
-2.696316560820713 	- 	- 	- 	
-2.6863116756228624 	- 	- 	- 	
-2.676306790425012 	- 	- 	- 	
-2.6663019052271615 	- 	- 	- 	
-2.656297020029311 	- 	- 	- 	
-2.6462921348314605 	- 	- 	- 	
-2.63628724963361 	- 	- 	- 	
-2.6262823644357596 	- 	- 	- 	
-2.616277479237909 	- 	- 	- 	
-2.6062725940400586 	- 	- 	- 	
-2.596267708842208 	- 	- 	- 	
-2.5862628236443577 	- 	- 	- 	
-2.576257938446507 	- 	- 	- 	
-2.5662530532486567 	- 	- 	- 	
-2.5562481680508053 	- 	- 	- 	
-2.546243282852955 	- 	- 	- 	
-2.5362383976551044 	- 	- 	- 	
-2.526233512457254 	- 	- 	- 	
-2.5162286272594034 	- 	- 	- 	
-2.506223742061553 	- 	- 	- 	
-2.4962188568637025 	- 	- 	- 	
-2.486213971665852 	- 	- 	- 	
-2.4762090864680015 	- 	- 	- 	
-2.466204201270151 	- 	- 	- 	
-2.4561993160723006 	- 	- 	- 	
-2.44619443087445 	- 	- 	- 	
-2.4361895456765996 	- 	- 	- 	
-2.426184660478749 	- 	- 	- 	
-2.4161797752808987 	- 	- 	- 	
-2.406174890083048 	- 	- 	- 	
-2.3961700048851977 	- 	- 	- 	
-2.3861651196873472 	- 	- 	- 	
-2.3761602344894968 	- 	- 	- 	
-2.3661553492916463 	- 	- 	- 	
-2.356150464093796 	- 	- 	- 	
-2.3461455788959453 	- 	- 	- 	
-2.336140693698095 	- 	- 	- 	
-2.3261358085002444 	- 	- 	- 	
-2.316130923302394 	- 	- 	- 	
-2.3061260381045425 	- 	- 	- 	
-2.296121152906692 	- 	- 	- 	
-2.2861162677088416 	- 	- 	- 	
-2.276111382510991 	- 	- 	- 	
-2.2661064973131406 	- 	- 	- 	
-2.25610161211529 	- 	- 	- 	
-2.2460967269174397 	- 	- 	- 	
-2.23609184171959 	- 	- 	- 	
-2.2260869565217387 	- 	- 	- 	
-2.216082071323889 	- 	- 	- 	
-2.2060771861260378 	- 	- 	- 	
-2.196072300928188 	- 	- 	- 	
-2.186067415730337 	- 	- 	- 	
-2.1760625305324854 	- 	- 	- 	
-2.166057645334636 	- 	- 	- 	
-2.1560527601367845 	- 	- 	- 	
-2.146047874938935 	- 	- 	- 	
-2.1360429897410835 	- 	- 	- 	
-2.126038104543234 	- 	- 	- 	
-2.1160332193453826 	- 	- 	- 	
-2.106028334147533 	- 	- 	- 	
-2.0960234489496816 	- 	- 	- 	
-2.086018563751832 	- 	- 	- 	
-2.0760136785539807 	- 	- 	- 	
-2.066008793356131 	- 	- 	- 	
-2.0560039081582797 	- 	- 	- 	
-2.04599902296043 	- 	- 	- 	
-2.0359941377625788 	- 	- 	- 	
-2.025989252564729 	- 	- 	- 	
-2.015984367366878 	- 	- 	- 	
-2.005979482169028 	- 	- 	- 	
-1.9959745969711769 	- 	- 	- 	
-1.9859697117733273 	- 	- 	- 	
-1.975964826575476 	- 	- 	- 	
-1.9659599413776263 	- 	- 	- 	
-1.955955056179775 	- 	- 	- 	
-1.9459501709819236 	- 	- 	- 	
-1.935945285784074 	- 	- 	- 	
-1.9259404005862226 	- 	- 	- 	
-1.915935515388373 	- 	- 	- 	
-1.9059306301905217 	- 	- 	- 	
-1.895925744992672 	- 	- 	- 	
-1.8859208597948207 	- 	- 	- 	
-1.8759159745969711 	- 	- 	- 	
-1.8659110893991198 	- 	- 	- 	
-1.8559062042012702 	- 	- 	- 	
-1.8459013190034188 	- 	- 	- 	
-1.8358964338055692 	- 	- 	- 	
-1.8258915486077179 	- 	- 	- 	
-1.8158866634098683 	- 	- 	- 	
-1.805881778212017 	- 	- 	- 	
-1.7958768930141673 	- 	- 	- 	
-1.785872007816316 	- 	- 	- 	
-1.7758671226184664 	- 	- 	- 	
-1.765862237420615 	- 	- 	- 	
-1.7558573522227654 	- 	- 	- 	
-1.745852467024914 	- 	- 	- 	
-1.7358475818270644 	- 	- 	- 	
-1.725842696629213 	- 	- 	- 	
-1.7158378114313635 	- 	- 	- 	
-1.7058329262335121 	- 	- 	- 	
-1.6958280410356608 	- 	- 	- 	
-1.6858231558378112 	- 	- 	- 	
-1.6758182706399598 	- 	- 	- 	
-1.6658133854421102 	- 	- 	- 	
-1.6558085002442589 	- 	- 	- 	
-1.6458036150464093 	- 	- 	- 	
-1.635798729848558 	- 	- 	- 	
-1.6257938446507083 	- 	- 	- 	
-1.615788959452857 	- 	- 	- 	
-1.6057840742550074 	- 	- 	- 	
-1.595779189057156 	- 	- 	- 	
-1.5857743038593064 	- 	- 	- 	
-1.575769418661455 	- 	- 	- 	
-1.5657645334636054 	- 	- 	- 	
-1.555759648265754 	- 	- 	- 	
-1.5457547630679045 	- 	- 	- 	
-1.5357498778700531 	- 	- 	- 	
-1.5257449926722035 	- 	- 	- 	
-1.5157401074743522 	- 	- 	- 	
-1.5057352222765026 	- 	- 	- 	
-1.4957303370786512 	- 	- 	- 	
-1.4857254518808016 	- 	- 	- 	
-1.4757205666829503 	- 	- 	- 	
-1.4657156814851007 	- 	- 	- 	
-1.4557107962872493 	- 	- 	- 	
-1.445705911089398 	- 	- 	- 	
-1.4357010258915484 	- 	- 	- 	
-1.425696140693697 	- 	- 	- 	
-1.4156912554958474 	- 	- 	- 	
-1.405686370297996 	- 	- 	- 	
-1.3956814851001464 	- 	- 	- 	
-1.385676599902295 	- 	- 	- 	
-1.3756717147044455 	- 	- 	- 	
-1.3656668295065941 	- 	- 	- 	
-1.3556619443087445 	- 	- 	- 	
-1.3456570591108932 	- 	- 	- 	
-1.3356521739130436 	- 	- 	- 	
-1.3256472887151922 	- 	- 	- 	
-1.3156424035173426 	- 	- 	- 	
-1.3056375183194913 	- 	- 	- 	
-1.2956326331216417 	- 	- 	- 	
-1.2856277479237903 	- 	- 	- 	
-1.2756228627259407 	- 	- 	- 	
-1.2656179775280894 	- 	- 	- 	
-1.2556130923302398 	- 	- 	- 	
-1.2456082071323884 	- 	- 	- 	
-1.2356033219345388 	- 	- 	- 	
-1.2255984367366874 	- 	- 	- 	
-1.2155935515388379 	- 	- 	- 	
-1.2055886663409865 	- 	- 	- 	
-1.1955837811431351 	- 	- 	- 	
-1.1855788959452855 	- 	- 	- 	
-1.1755740107474342 	- 	- 	- 	
-1.1655691255495846 	- 	- 	- 	
-1.1555642403517332 	- 	- 	- 	
-1.1455593551538836 	- 	- 	- 	
-1.1355544699560323 	- 	- 	- 	
-1.1255495847581827 	- 	- 	- 	
-1.1155446995603313 	- 	- 	- 	
-1.1055398143624817 	- 	- 	- 	
-1.0955349291646304 	- 	- 	- 	
-1.0855300439667808 	- 	- 	- 	
-1.0755251587689294 	- 	- 	- 	
-1.0655202735710798 	- 	- 	- 	
-1.0555153883732284 	- 	- 	- 	
-1.0455105031753789 	- 	- 	- 	
-1.0355056179775275 	- 	- 	- 	
-1.025500732779678 	- 	- 	- 	
-1.0154958475818265 	- 	- 	- 	
-1.005490962383977 	- 	- 	- 	
-0.9954860771861256 	- 	- 	- 	
-0.985481191988276 	- 	- 	- 	
-0.9754763067904246 	- 	- 	- 	
-0.9654714215925733 	- 	- 	- 	
-0.9554665363947237 	- 	- 	- 	
-0.9454616511968723 	- 	- 	- 	
-0.9354567659990227 	- 	- 	- 	
-0.9254518808011714 	- 	- 	- 	
-0.9154469956033218 	- 	- 	- 	
-0.9054421104054704 	- 	- 	- 	
-0.8954372252076208 	- 	- 	- 	
-0.8854323400097694 	- 	- 	- 	
-0.8754274548119199 	- 	- 	- 	
-0.8654225696140685 	- 	- 	- 	
-0.8554176844162189 	- 	- 	- 	
-0.8454127992183675 	- 	- 	- 	
-0.835407914020518 	- 	- 	- 	
-0.8254030288226666 	- 	- 	- 	
-0.815398143624817 	- 	- 	- 	
-0.8053932584269656 	- 	- 	- 	
-0.795388373229116 	- 	- 	- 	
-0.7853834880312647 	- 	- 	- 	
-0.7753786028334151 	- 	- 	- 	
-0.7653737176355637 	- 	- 	- 	
-0.7553688324377141 	- 	- 	- 	
-0.7453639472398628 	- 	- 	- 	
-0.7353590620420132 	- 	- 	- 	
-0.7253541768441618 	- 	- 	- 	
-0.7153492916463104 	- 	- 	- 	
-0.7053444064484609 	- 	- 	- 	
-0.6953395212506095 	- 	- 	- 	
-0.6853346360527599 	- 	- 	- 	
-0.6753297508549085 	- 	- 	- 	
-0.665324865657059 	- 	- 	- 	
-0.6553199804592076 	- 	- 	- 	
-0.645315095261358 	- 	- 	- 	
-0.6353102100635066 	- 	- 	- 	
-0.625305324865657 	- 	- 	- 	
-0.6153004396678057 	- 	- 	- 	
-0.6052955544699561 	- 	- 	- 	
-0.5952906692721047 	- 	- 	- 	
-0.5852857840742551 	- 	- 	- 	
-0.5752808988764038 	- 	- 	- 	
-0.5652760136785542 	- 	- 	- 	
-0.5552711284807028 	- 	- 	- 	
-0.5452662432828532 	- 	- 	- 	
-0.5352613580850019 	- 	- 	- 	
-0.5252564728871523 	- 	- 	- 	
-0.5152515876893009 	- 	- 	- 	
-0.5052467024914513 	- 	- 	- 	
-0.49524181729359995 	- 	- 	- 	
-0.48523693209575036 	- 	- 	- 	
-0.475232046897899 	- 	- 	- 	
-0.46522716170004763 	- 	- 	- 	
-0.45522227650219804 	- 	- 	- 	
-0.4452173913043467 	- 	- 	- 	
-0.4352125061064971 	- 	- 	- 	
-0.4252076209086457 	- 	- 	- 	
-0.41520273571079613 	- 	- 	- 	
-0.40519785051294477 	- 	- 	- 	
-0.3951929653150952 	- 	- 	- 	
-0.3851880801172438 	- 	- 	- 	
-0.3751831949193942 	- 	- 	- 	
-0.36517830972154286 	- 	- 	- 	
-0.35517342452369327 	- 	- 	- 	
-0.3451685393258419 	- 	- 	- 	
-0.3351636541279923 	- 	- 	- 	
-0.32515876893014095 	- 	- 	- 	
-0.31515388373229136 	- 	- 	- 	
-0.30514899853444 	- 	- 	- 	
-0.2951441133365904 	- 	- 	- 	
-0.28513922813873904 	- 	- 	- 	
-0.27513434294088945 	- 	- 	- 	
-0.2651294577430381 	- 	- 	- 	
-0.2551245725451885 	- 	- 	- 	
-0.24511968734733713 	- 	- 	- 	
-0.23511480214948577 	- 	- 	- 	
-0.22510991695163618 	- 	- 	- 	
-0.21510503175378481 	- 	- 	- 	
-0.20510014655593523 	- 	- 	- 	
-0.19509526135808386 	- 	- 	- 	
-0.18509037616023427 	- 	- 	- 	
-0.1750854909623829 	- 	- 	- 	
-0.16508060576453332 	- 	- 	- 	
-0.15507572056668195 	- 	- 	- 	
-0.14507083536883236 	- 	- 	- 	
-0.135065950170981 	- 	- 	- 	
-0.1250610649731314 	- 	- 	- 	
-0.11505617977528004 	- 	- 	- 	
-0.10505129457743045 	- 	- 	- 	
-0.09504640937957909 	- 	- 	- 	
-0.0850415241817295 	- 	- 	- 	
-0.07503663898387813 	- 	- 	- 	
-0.06503175378602855 	- 	- 	- 	
-0.05502686858817718 	- 	- 	- 	
-0.04502198339032759 	- 	- 	- 	
-0.035017098192476226 	- 	- 	- 	
-0.025012212994626637 	- 	- 	- 	
-0.015007327796775272 	- 	- 	- 	
-0.005002442598925683 	- 	- 	- 	
0.005002442598925683 	- 	- 	- 	
0.015007327796777048 	- 	- 	- 	
0.025012212994626637 	- 	- 	- 	
0.035017098192478 	- 	- 	- 	
0.04502198339032759 	- 	- 	- 	
0.05502686858817896 	- 	- 	- 	
0.06503175378602855 	- 	- 	- 	
0.07503663898387991 	- 	- 	- 	
0.0850415241817295 	- 	- 	- 	
0.09504640937958087 	- 	- 	- 	
0.10505129457743045 	- 	- 	- 	
0.11505617977528182 	- 	- 	- 	
0.1250610649731314 	- 	- 	- 	
0.13506595017098277 	- 	- 	- 	
0.14507083536883236 	- 	- 	- 	
0.15507572056668373 	- 	- 	- 	
0.16508060576453332 	- 	- 	- 	
0.17508549096238468 	- 	- 	- 	
0.18509037616023427 	- 	- 	- 	
0.19509526135808564 	- 	- 	- 	
0.20510014655593523 	- 	- 	- 	
0.2151050317537866 	- 	- 	- 	
0.22510991695163618 	- 	- 	- 	
0.23511480214948755 	- 	- 	- 	
0.24511968734733713 	- 	- 	- 	
0.2551245725451885 	- 	- 	- 	
0.26512945774303986 	- 	- 	- 	
0.27513434294088945 	- 	- 	- 	
0.2851392281387408 	- 	- 	- 	
0.2951441133365904 	- 	- 	- 	
0.3051489985344418 	- 	- 	- 	
0.31515388373229136 	- 	- 	- 	
0.3251587689301427 	- 	- 	- 	
0.3351636541279923 	- 	- 	- 	
0.3451685393258437 	- 	- 	- 	
0.35517342452369327 	- 	- 	- 	
0.36517830972154464 	- 	- 	- 	
0.3751831949193942 	- 	- 	- 	
0.3851880801172456 	- 	- 	- 	
0.3951929653150952 	- 	- 	- 	
0.40519785051294654 	- 	- 	- 	
0.41520273571079613 	- 	- 	- 	
0.4252076209086475 	- 	- 	- 	
0.4352125061064971 	- 	- 	- 	
0.44521739130434845 	- 	- 	- 	
0.45522227650219804 	- 	- 	- 	
0.4652271617000494 	- 	- 	- 	
0.475232046897899 	- 	- 	- 	
0.48523693209575036 	- 	- 	- 	
0.4952418172936017 	- 	- 	- 	
0.5052467024914513 	- 	- 	- 	
0.5152515876893027 	- 	- 	- 	
0.5252564728871523 	- 	- 	- 	
0.5352613580850036 	- 	- 	- 	
0.5452662432828532 	- 	- 	- 	
0.5552711284807046 	- 	- 	- 	
0.5652760136785542 	- 	- 	- 	
0.5752808988764055 	- 	- 	- 	
0.5852857840742551 	- 	- 	- 	
0.5952906692721065 	- 	- 	- 	
0.6052955544699561 	- 	- 	- 	
0.6153004396678075 	- 	- 	- 	
0.625305324865657 	- 	- 	- 	
0.6353102100635084 	- 	- 	- 	
0.645315095261358 	- 	- 	- 	
0.6553199804592094 	- 	- 	- 	
0.665324865657059 	- 	- 	- 	
0.6753297508549103 	- 	- 	- 	
0.6853346360527599 	- 	- 	- 	
0.6953395212506113 	- 	- 	- 	
0.7053444064484609 	- 	- 	- 	
0.7153492916463122 	- 	- 	- 	
0.7253541768441618 	- 	- 	- 	
0.7353590620420132 	- 	- 	- 	
0.7453639472398645 	- 	- 	- 	
0.7553688324377141 	- 	- 	- 	
0.7653737176355655 	- 	- 	- 	
0.7753786028334151 	- 	- 	- 	
0.7853834880312665 	- 	- 	- 	
0.795388373229116 	- 	- 	- 	
0.8053932584269674 	- 	- 	- 	
0.815398143624817 	- 	- 	- 	
0.8254030288226684 	- 	- 	- 	
0.835407914020518 	- 	- 	- 	
0.8454127992183693 	- 	- 	- 	
0.8554176844162189 	- 	- 	- 	
0.8654225696140703 	- 	- 	- 	
0.8754274548119199 	- 	- 	- 	
0.8854323400097712 	- 	- 	- 	
0.8954372252076208 	- 	- 	- 	
0.9054421104054722 	- 	- 	- 	
0.9154469956033218 	- 	- 	- 	
0.9254518808011731 	- 	- 	- 	
0.9354567659990227 	- 	- 	- 	
0.9454616511968741 	- 	- 	- 	
0.9554665363947237 	- 	- 	- 	
0.965471421592575 	- 	- 	- 	
0.9754763067904246 	- 	- 	- 	
0.985481191988276 	- 	- 	- 	
0.9954860771861274 	- 	- 	- 	
1.005490962383977 	- 	- 	- 	
1.0154958475818283 	- 	- 	- 	
1.025500732779678 	- 	- 	- 	
1.0355056179775293 	- 	- 	- 	
1.0455105031753789 	- 	- 	- 	
1.0555153883732302 	- 	- 	- 	
1.0655202735710798 	- 	- 	- 	
1.0755251587689312 	- 	- 	- 	
1.0855300439667808 	- 	- 	- 	
1.0955349291646321 	- 	- 	- 	
1.1055398143624817 	- 	- 	- 	
1.115544699560333 	- 	- 	- 	
1.1255495847581827 	- 	- 	- 	
1.135554469956034 	- 	- 	- 	
1.1455593551538836 	- 	- 	- 	
1.155564240351735 	- 	- 	- 	
1.1655691255495846 	- 	- 	- 	
1.175574010747436 	- 	- 	- 	
1.1855788959452855 	- 	- 	- 	
1.195583781143137 	- 	- 	- 	
1.2055886663409865 	- 	- 	- 	
1.2155935515388379 	- 	- 	- 	
1.2255984367366892 	- 	- 	- 	
1.2356033219345388 	- 	- 	- 	
1.2456082071323902 	- 	- 	- 	
1.2556130923302398 	- 	- 	- 	
1.2656179775280911 	- 	- 	- 	
1.2756228627259407 	- 	- 	- 	
1.285627747923792 	- 	- 	- 	
1.2956326331216417 	- 	- 	- 	
1.305637518319493 	- 	- 	- 	
1.3156424035173426 	- 	- 	- 	
1.325647288715194 	- 	- 	- 	
1.3356521739130436 	- 	- 	- 	
1.345657059110895 	- 	- 	- 	
1.3556619443087445 	- 	- 	- 	
1.365666829506596 	- 	- 	- 	
1.3756717147044455 	- 	- 	- 	
1.3856765999022969 	- 	- 	- 	
1.3956814851001464 	- 	- 	- 	
1.4056863702979978 	- 	- 	- 	
1.4156912554958474 	- 	- 	- 	
1.4256961406936988 	- 	- 	- 	
1.4357010258915484 	- 	- 	- 	
1.4457059110893997 	- 	- 	- 	
1.4557107962872493 	- 	- 	- 	
1.4657156814851007 	- 	- 	- 	
1.475720566682952 	- 	- 	- 	
1.4857254518808016 	- 	- 	- 	
1.495730337078653 	- 	- 	- 	
1.5057352222765026 	- 	- 	- 	
1.515740107474354 	- 	- 	- 	
1.5257449926722035 	- 	- 	- 	
1.535749877870055 	- 	- 	- 	
1.5457547630679045 	- 	- 	- 	
1.5557596482657559 	- 	- 	- 	
1.5657645334636054 	- 	- 	- 	
1.5757694186614568 	- 	- 	- 	
1.5857743038593064 	- 	- 	- 	
1.5957791890571578 	- 	- 	- 	
1.6057840742550074 	- 	- 	- 	
1.6157889594528587 	- 	- 	- 	
1.6257938446507083 	- 	- 	- 	
1.6357987298485597 	- 	- 	- 	
1.6458036150464093 	- 	- 	- 	
1.6558085002442606 	- 	- 	- 	
1.6658133854421102 	- 	- 	- 	
1.6758182706399616 	- 	- 	- 	
1.6858231558378112 	- 	- 	- 	
1.6958280410356625 	- 	- 	- 	
1.7058329262335121 	- 	- 	- 	
1.7158378114313635 	- 	- 	- 	
1.7258426966292149 	- 	- 	- 	
1.7358475818270644 	- 	- 	- 	
1.7458524670249158 	- 	- 	- 	
1.7558573522227654 	- 	- 	- 	
1.7658622374206168 	- 	- 	- 	
1.7758671226184664 	- 	- 	- 	
1.7858720078163177 	- 	- 	- 	
1.7958768930141673 	- 	- 	- 	
1.8058817782120187 	- 	- 	- 	
1.8158866634098683 	- 	- 	- 	
1.8258915486077196 	- 	- 	- 	
1.8358964338055692 	- 	- 	- 	
1.8459013190034206 	- 	- 	- 	
1.8559062042012702 	- 	- 	- 	
1.8659110893991215 	- 	- 	- 	
1.8759159745969711 	- 	- 	- 	
1.8859208597948225 	- 	- 	- 	
1.895925744992672 	- 	- 	- 	
1.9059306301905234 	- 	- 	- 	
1.915935515388373 	- 	- 	- 	
1.9259404005862244 	- 	- 	- 	
1.935945285784074 	- 	- 	- 	
1.9459501709819254 	- 	- 	- 	
1.955955056179775 	- 	- 	- 	
1.9659599413776263 	- 	- 	- 	
1.9759648265754777 	- 	- 	- 	
1.9859697117733273 	- 	- 	- 	
1.9959745969711786 	- 	- 	- 	
2.005979482169028 	- 	- 	- 	
2.0159843673668796 	- 	- 	- 	
2.025989252564729 	- 	- 	- 	
2.0359941377625805 	- 	- 	- 	
2.04599902296043 	- 	- 	- 	
2.0560039081582815 	- 	- 	- 	
2.066008793356131 	- 	- 	- 	
2.0760136785539824 	- 	- 	- 	
2.086018563751832 	- 	- 	- 	
2.0960234489496834 	- 	- 	- 	
2.106028334147533 	- 	- 	- 	
2.1160332193453844 	- 	- 	- 	
2.126038104543234 	- 	- 	- 	
2.1360429897410853 	- 	- 	- 	
2.146047874938935 	- 	- 	- 	
2.1560527601367863 	- 	- 	- 	
2.166057645334636 	- 	- 	- 	
2.176062530532487 	- 	- 	- 	
2.186067415730337 	- 	- 	- 	
2.196072300928188 	- 	- 	- 	
2.2060771861260395 	- 	- 	- 	
2.216082071323889 	- 	- 	- 	
2.2260869565217405 	- 	- 	- 	
2.23609184171959 	- 	- 	- 	
2.2460967269174414 	- 	- 	- 	
2.256101612115291 	- 	- 	- 	
2.2661064973131424 	- 	- 	- 	
2.276111382510992 	- 	- 	- 	
2.2861162677088434 	- 	- 	- 	
2.296121152906693 	- 	- 	- 	
2.3061260381045443 	- 	- 	- 	
2.316130923302394 	- 	- 	- 	
2.3261358085002453 	- 	- 	- 	
2.336140693698095 	- 	- 	- 	
2.346145578895946 	- 	- 	- 	
2.356150464093796 	- 	- 	- 	
2.366155349291647 	- 	- 	- 	
2.3761602344894968 	- 	- 	- 	
2.386165119687348 	- 	- 	- 	
2.3961700048851977 	- 	- 	- 	
2.406174890083049 	- 	- 	- 	
2.4161797752808987 	- 	- 	- 	
2.42618466047875 	- 	- 	- 	
2.4361895456765996 	- 	- 	- 	
2.446194430874451 	- 	- 	- 	
2.4561993160723024 	- 	- 	- 	
2.466204201270152 	- 	- 	- 	
2.4762090864680033 	- 	- 	- 	
2.486213971665853 	- 	- 	- 	
2.4962188568637043 	- 	- 	- 	
2.506223742061554 	- 	- 	- 	
2.516228627259405 	- 	- 	- 	
2.526233512457255 	- 	- 	- 	
2.536238397655106 	- 	- 	- 	
2.5462432828529558 	- 	- 	- 	
2.556248168050807 	- 	- 	- 	
2.5662530532486567 	- 	- 	- 	
2.576257938446508 	- 	- 	- 	
2.5862628236443577 	- 	- 	- 	
2.596267708842209 	- 	- 	- 	
2.6062725940400586 	- 	- 	- 	
2.61627747923791 	- 	- 	- 	
2.6262823644357596 	- 	- 	- 	
2.636287249633611 	- 	- 	- 	
2.6462921348314605 	- 	- 	- 	
2.656297020029312 	- 	- 	- 	
2.6663019052271615 	- 	- 	- 	
2.676306790425013 	- 	- 	- 	
2.6863116756228624 	- 	- 	- 	
2.696316560820714 	- 	- 	- 	
2.706321446018565 	- 	- 	- 	
2.7163263312164148 	- 	- 	- 	
2.726331216414266 	- 	- 	- 	
2.7363361016121157 	- 	- 	- 	
2.746340986809967 	- 	- 	- 	
2.7563458720078167 	- 	- 	- 	
2.766350757205668 	- 	- 	- 	
2.7763556424035176 	- 	- 	- 	
2.786360527601369 	- 	- 	- 	
2.7963654127992186 	- 	- 	- 	
2.80637029799707 	- 	- 	- 	
2.8163751831949195 	- 	- 	- 	
2.826380068392771 	- 	- 	- 	
2.8363849535906205 	- 	- 	- 	
2.846389838788472 	- 	- 	- 	
2.8563947239863214 	- 	- 	- 	
2.866399609184173 	- 	- 	- 	
2.8764044943820224 	- 	- 	- 	
2.8864093795798738 	- 	- 	- 	
2.8964142647777233 	- 	- 	- 	
2.9064191499755747 	- 	- 	- 	
2.9164240351734243 	- 	- 	- 	
2.9264289203712757 	- 	- 	- 	
2.936433805569127 	- 	- 	- 	
2.9464386907669766 	- 	- 	- 	
2.956443575964828 	- 	- 	- 	
2.9664484611626776 	- 	- 	- 	
2.976453346360529 	- 	- 	- 	
2.9864582315583785 	- 	- 	- 	
2.99646311675623 	- 	- 	- 	
3.0064680019540795 	- 	- 	- 	
3.016472887151931 	- 	- 	- 	
3.0264777723497804 	- 	- 	- 	
3.036482657547632 	- 	- 	- 	
3.0464875427454814 	- 	- 	- 	
3.0564924279433328 	- 	- 	- 	
3.0664973131411823 	- 	- 	- 	
3.0765021983390337 	- 	- 	- 	
3.0865070835368833 	- 	- 	- 	
3.0965119687347347 	- 	- 	- 	
3.1065168539325843 	- 	- 	- 	
3.1165217391304356 	- 	- 	- 	
3.126526624328285 	- 	- 	- 	
3.1365315095261366 	- 	- 	- 	
3.146536394723986 	- 	- 	- 	
3.1565412799218375 	- 	- 	- 	
3.166546165119687 	- 	- 	- 	
3.1765510503175385 	- 	- 	- 	
3.18655593551539 	- 	- 	- 	
3.1965608207132394 	- 	- 	- 	
3.206565705911091 	- 	- 	- 	
3.2165705911089404 	- 	- 	- 	
3.2265754763067918 	- 	- 	- 	
3.2365803615046413 	- 	- 	- 	
3.2465852467024927 	- 	- 	- 	
3.2565901319003423 	- 	- 	- 	
3.2665950170981937 	- 	- 	- 	
3.2765999022960433 	- 	- 	- 	
3.2866047874938946 	- 	- 	- 	
3.296609672691744 	- 	- 	- 	
3.3066145578895956 	- 	- 	- 	
3.316619443087445 	- 	- 	- 	
3.3266243282852965 	- 	- 	- 	
3.336629213483146 	- 	- 	- 	
3.3466340986809975 	- 	- 	- 	
3.356638983878847 	- 	- 	- 	
3.3666438690766984 	- 	- 	- 	
3.376648754274548 	- 	- 	- 	
3.3866536394723994 	- 	- 	- 	
3.396658524670249 	- 	- 	- 	
3.4066634098681003 	- 	- 	- 	
3.41666829506595 	- 	- 	- 	
3.4266731802638013 	- 	- 	- 	
3.4366780654616527 	- 	- 	- 	
3.4466829506595023 	- 	- 	- 	
3.4566878358573536 	- 	- 	- 	
3.466692721055203 	- 	- 	- 	
3.4766976062530546 	- 	- 	- 	
3.486702491450904 	- 	- 	- 	
3.4967073766487555 	- 	- 	- 	
3.506712261846605 	- 	- 	- 	
3.5167171470444565 	- 	- 	- 	
3.526722032242306 	- 	- 	- 	
3.5367269174401574 	- 	- 	- 	
3.546731802638007 	- 	- 	- 	
3.5567366878358584 	- 	- 	- 	
3.566741573033708 	- 	- 	- 	
3.5767464582315593 	- 	- 	- 	
3.586751343429409 	- 	- 	- 	
3.5967562286272603 	- 	- 	- 	
3.60676111382511 	- 	- 	- 	
3.6167659990229613 	- 	- 	- 	
3.626770884220811 	- 	- 	- 	
3.636775769418662 	- 	- 	- 	
3.646780654616512 	- 	- 	- 	
3.656785539814363 	- 	- 	- 	
3.6667904250122145 	- 	- 	- 	
3.676795310210064 	- 	- 	- 	
3.6868001954079155 	- 	- 	- 	
3.696805080605765 	- 	- 	- 	
3.7068099658036164 	- 	- 	- 	
3.716814851001466 	- 	- 	- 	
3.7268197361993174 	- 	- 	- 	
3.736824621397167 	- 	- 	- 	
3.7468295065950183 	- 	- 	- 	
3.756834391792868 	- 	- 	- 	
3.7668392769907193 	- 	- 	- 	
3.776844162188569 	- 	- 	- 	
3.7868490473864203 	- 	- 	- 	
3.79685393258427 	- 	- 	- 	
3.806858817782121 	- 	- 	- 	
3.816863702979971 	- 	- 	- 	
3.826868588177822 	- 	- 	- 	
3.8368734733756718 	- 	- 	- 	
3.846878358573523 	- 	- 	- 	
3.8568832437713727 	- 	- 	- 	
3.866888128969224 	- 	- 	- 	
3.8768930141670737 	- 	- 	- 	
3.886897899364925 	- 	- 	- 	
3.8969027845627746 	- 	- 	- 	
3.906907669760626 	- 	- 	- 	
3.9169125549584773 	- 	- 	- 	
3.926917440156327 	- 	- 	- 	
3.9369223253541783 	- 	- 	- 	
3.946927210552028 	- 	- 	- 	
3.9569320957498793 	- 	- 	- 	
3.966936980947729 	- 	- 	- 	
3.97694186614558 	- 	- 	- 	
3.98694675134343 	- 	- 	- 	
3.996951636541281 	- 	- 	- 	
4.006956521739131 	- 	- 	- 	
4.016961406936982 	- 	- 	- 	
4.026966292134832 	- 	- 	- 	
4.036971177332683 	- 	- 	- 	
4.046976062530533 	- 	- 	- 	
4.056980947728384 	- 	- 	- 	
4.066985832926234 	- 	- 	- 	
4.076990718124085 	- 	- 	- 	
4.086995603321935 	- 	- 	- 	
4.097000488519786 	- 	- 	- 	
4.1070053737176355 	- 	- 	- 	
4.117010258915487 	- 	- 	- 	
4.1270151441133365 	- 	- 	- 	
4.137020029311188 	- 	- 	- 	
4.147024914509037 	- 	- 	- 	
4.157029799706889 	- 	- 	- 	
4.16703468490474 	- 	- 	- 	
4.17703957010259 	- 	- 	- 	
4.187044455300441 	- 	- 	- 	
4.197049340498291 	- 	- 	- 	
4.207054225696142 	- 	- 	- 	
4.217059110893992 	- 	- 	- 	
4.227063996091843 	- 	- 	- 	
4.237068881289693 	- 	- 	- 	
4.247073766487544 	- 	- 	- 	
4.257078651685394 	- 	- 	- 	
4.267083536883245 	- 	- 	- 	
4.2770884220810945 	- 	- 	- 	
4.287093307278946 	- 	- 	- 	
4.2970981924767955 	- 	- 	- 	
4.307103077674647 	- 	- 	- 	
4.317107962872496 	- 	- 	- 	
4.327112848070348 	- 	- 	- 	
4.337117733268197 	- 	- 	- 	
4.347122618466049 	- 	- 	- 	
4.357127503663898 	- 	- 	- 	
4.36713238886175 	- 	- 	- 	
4.377137274059599 	- 	- 	- 	
4.387142159257451 	- 	- 	- 	
4.397147044455302 	- 	- 	- 	
4.407151929653152 	- 	- 	- 	
4.417156814851003 	- 	- 	- 	
4.427161700048853 	- 	- 	- 	
4.437166585246704 	- 	- 	- 	
4.4471714704445535 	- 	- 	- 	
4.457176355642405 	- 	- 	- 	
4.4671812408402545 	- 	- 	- 	
4.477186126038106 	- 	- 	- 	
4.487191011235955 	- 	- 	- 	
4.497195896433807 	- 	- 	- 	
4.507200781631656 	- 	- 	- 	
4.517205666829508 	- 	- 	- 	
4.527210552027357 	- 	- 	- 	
4.537215437225209 	- 	- 	- 	
4.547220322423058 	- 	- 	- 	
4.55722520762091 	- 	- 	- 	
4.567230092818759 	- 	- 	- 	
4.577234978016611 	- 	- 	- 	
4.58723986321446 	- 	- 	- 	
4.597244748412312 	- 	- 	- 	
4.607249633610161 	- 	- 	- 	
4.6172545188080125 	- 	- 	- 	
4.627259404005862 	- 	- 	- 	
4.6372642892037135 	- 	- 	- 	
4.647269174401565 	- 	- 	- 	
4.657274059599414 	- 	- 	- 	
4.667278944797266 	- 	- 	- 	
4.677283829995115 	- 	- 	- 	
4.687288715192967 	- 	- 	- 	
4.697293600390816 	- 	- 	- 	
4.707298485588668 	- 	- 	- 	
4.717303370786517 	- 	- 	- 	
4.727308255984369 	- 	- 	- 	
4.737313141182218 	- 	- 	- 	
4.74731802638007 	- 	- 	- 	
4.757322911577919 	- 	- 	- 	
4.767327796775771 	- 	- 	- 	
4.77733268197362 	- 	- 	- 	
4.7873375671714715 	- 	- 	- 	
4.797342452369321 	- 	- 	- 	
4.8073473375671725 	- 	- 	- 	
4.817352222765022 	- 	- 	- 	
4.827357107962873 	- 	- 	- 	
4.837361993160723 	- 	- 	- 	
4.847366878358574 	- 	- 	- 	
4.857371763556424 	- 	- 	- 	
4.867376648754275 	- 	- 	- 	
4.877381533952125 	- 	- 	- 	
4.887386419149976 	- 	- 	- 	
4.897391304347828 	- 	- 	- 	
4.907396189545677 	- 	- 	- 	
4.917401074743529 	- 	- 	- 	
4.927405959941378 	- 	- 	- 	
4.93741084513923 	- 	- 	- 	
4.947415730337079 	- 	- 	- 	
4.9574206155349305 	- 	- 	- 	
4.96742550073278 	- 	- 	- 	
4.9774303859306315 	- 	- 	- 	
4.987435271128481 	- 	- 	- 	
4.997440156326332 	- 	- 	- 	
5.007445041524182 	- 	- 	- 	
5.017449926722033 	- 	- 	- 	
5.027454811919883 	- 	- 	- 	
5.037459697117734 	- 	- 	- 	
5.047464582315584 	- 	- 	- 	
5.057469467513435 	- 	- 	- 	
5.067474352711285 	- 	- 	- 	
5.077479237909136 	- 	- 	- 	
5.087484123106986 	- 	- 	- 	
5.097489008304837 	- 	- 	- 	
5.107493893502687 	- 	- 	- 	
5.117498778700538 	- 	- 	- 	
5.1275036638983895 	- 	- 	- 	
5.137508549096239 	- 	- 	- 	
5.1475134342940905 	- 	- 	- 	
5.15751831949194 	- 	- 	- 	
5.167523204689791 	- 	- 	- 	
5.177528089887641 	- 	- 	- 	
5.187532975085492 	- 	- 	- 	
5.197537860283342 	- 	- 	- 	
5.207542745481193 	- 	- 	- 	
5.217547630679043 	- 	- 	- 	
5.227552515876894 	- 	- 	- 	
5.237557401074744 	- 	- 	- 	
5.247562286272595 	- 	- 	- 	
5.257567171470445 	- 	- 	- 	
5.267572056668296 	- 	- 	- 	
5.277576941866146 	- 	- 	- 	
5.287581827063997 	- 	- 	- 	
5.297586712261847 	- 	- 	- 	
5.307591597459698 	- 	- 	- 	
5.317596482657548 	- 	- 	- 	
5.327601367855399 	- 	- 	- 	
5.337606253053249 	- 	- 	- 	
5.3476111382511 	- 	- 	- 	
5.35761602344895 	- 	- 	- 	
5.367620908646801 	- 	- 	- 	
5.377625793844652 	- 	- 	- 	
5.387630679042502 	- 	- 	- 	
5.397635564240353 	- 	- 	- 	
5.407640449438203 	- 	- 	- 	
5.417645334636054 	- 	- 	- 	
5.427650219833904 	- 	- 	- 	
5.437655105031755 	- 	- 	- 	
5.447659990229605 	- 	- 	- 	
5.457664875427456 	- 	- 	- 	
5.467669760625306 	- 	- 	- 	
5.477674645823157 	- 	- 	- 	
5.487679531021007 	- 	- 	- 	
5.497684416218858 	- 	- 	- 	
5.507689301416708 	- 	- 	- 	
5.517694186614559 	- 	- 	- 	
5.527699071812409 	- 	- 	- 	
5.53770395701026 	- 	- 	- 	
5.54770884220811 	- 	- 	- 	
5.557713727405961 	- 	- 	- 	
5.5677186126038105 	- 	- 	- 	
5.577723497801662 	- 	- 	- 	
5.5877283829995115 	- 	- 	- 	
5.597733268197363 	- 	- 	- 	
5.607738153395212 	- 	- 	- 	
5.617743038593064 	- 	- 	- 	
5.627747923790915 	- 	- 	- 	
5.637752808988765 	- 	- 	- 	
5.647757694186616 	- 	- 	- 	
5.657762579384466 	- 	- 	- 	
5.667767464582317 	- 	- 	- 	
5.677772349780167 	- 	- 	- 	
5.687777234978018 	- 	- 	- 	
5.697782120175868 	- 	- 	- 	
5.707787005373719 	- 	- 	- 	
5.717791890571569 	- 	- 	- 	
5.72779677576942 	- 	- 	- 	
5.7378016609672695 	- 	- 	- 	
5.747806546165121 	- 	- 	- 	
5.7578114313629705 	- 	- 	- 	
5.76781631656082 	- 	- 	- 	
5.777821201758671 	- 	- 	- 	
5.787826086956523 	- 	- 	- 	
5.797830972154374 	- 	- 	- 	
5.807835857352222 	- 	- 	- 	
5.817840742550073 	- 	- 	- 	
5.827845627747925 	- 	- 	- 	
5.837850512945776 	- 	- 	- 	
5.847855398143624 	- 	- 	- 	
5.857860283341475 	- 	- 	- 	
5.867865168539327 	- 	- 	- 	
5.877870053737178 	- 	- 	- 	
5.887874938935029 	- 	- 	- 	
5.897879824132877 	- 	- 	- 	
5.9078847093307285 	- 	- 	- 	
5.91788959452858 	- 	- 	- 	
5.927894479726431 	- 	- 	- 	
5.937899364924279 	- 	- 	- 	
5.94790425012213 	- 	- 	- 	
5.957909135319982 	- 	- 	- 	
5.967914020517833 	- 	- 	- 	
5.977918905715681 	- 	- 	- 	
5.987923790913532 	- 	- 	- 	
5.997928676111384 	- 	- 	- 	
6.007933561309235 	- 	- 	- 	
6.017938446507083 	- 	- 	- 	
6.027943331704934 	- 	- 	- 	
6.037948216902786 	- 	- 	- 	
6.047953102100637 	- 	- 	- 	
6.057957987298485 	- 	- 	- 	
6.067962872496336 	- 	- 	- 	
6.0779677576941875 	- 	- 	- 	
6.087972642892039 	- 	- 	- 	
6.097977528089887 	- 	- 	- 	
6.107982413287738 	- 	- 	- 	
6.117987298485589 	- 	- 	- 	
6.127992183683441 	- 	- 	- 	
6.137997068881292 	- 	- 	- 	
6.14800195407914 	- 	- 	- 	
6.158006839276991 	- 	- 	- 	
6.168011724474843 	- 	- 	- 	
6.178016609672694 	- 	- 	- 	
6.188021494870542 	- 	- 	- 	
6.198026380068393 	- 	- 	- 	
6.208031265266245 	- 	- 	- 	
6.218036150464096 	- 	- 	- 	
6.228041035661944 	- 	- 	- 	
6.238045920859795 	- 	- 	- 	
6.2480508060576465 	- 	- 	- 	
6.258055691255498 	- 	- 	- 	
6.268060576453346 	- 	- 	- 	
6.278065461651197 	- 	- 	- 	
6.288070346849048 	- 	- 	- 	
6.2980752320469 	- 	- 	- 	
6.308080117244748 	- 	- 	- 	
6.318085002442599 	- 	- 	- 	
6.32808988764045 	- 	- 	- 	
6.338094772838302 	- 	- 	- 	
6.348099658036153 	- 	- 	- 	
6.358104543234001 	- 	- 	- 	
6.368109428431852 	- 	- 	- 	
6.378114313629704 	- 	- 	- 	
6.388119198827555 	- 	- 	- 	
6.398124084025403 	- 	- 	- 	
6.408128969223254 	- 	- 	- 	
6.4181338544211055 	- 	- 	- 	
6.428138739618957 	- 	- 	- 	
6.438143624816805 	- 	- 	- 	
6.448148510014656 	- 	- 	- 	
6.458153395212507 	- 	- 	- 	
6.468158280410359 	- 	- 	- 	
6.478163165608207 	- 	- 	- 	
6.488168050806058 	- 	- 	- 	
6.498172936003909 	- 	- 	- 	
6.508177821201761 	- 	- 	- 	
6.5181827063996085 	- 	- 	- 	
6.52818759159746 	- 	- 	- 	
6.538192476795311 	- 	- 	- 	
6.548197361993163 	- 	- 	- 	
6.55820224719101 	- 	- 	- 	
6.568207132388862 	- 	- 	- 	
6.578212017586713 	- 	- 	- 	
6.5882169027845645 	- 	- 	- 	
6.598221787982416 	- 	- 	- 	
6.608226673180264 	- 	- 	- 	
6.618231558378115 	- 	- 	- 	
6.628236443575966 	- 	- 	- 	
6.638241328773818 	- 	- 	- 	
6.648246213971666 	- 	- 	- 	
6.658251099169517 	- 	- 	- 	
6.668255984367368 	- 	- 	- 	
6.67826086956522 	- 	- 	- 	
6.6882657547630675 	- 	- 	- 	
6.698270639960919 	- 	- 	- 	
6.70827552515877 	- 	- 	- 	
6.718280410356622 	- 	- 	- 	
6.728285295554469 	- 	- 	- 	
6.738290180752321 	- 	- 	- 	
6.748295065950172 	- 	- 	- 	
6.7582999511480235 	- 	- 	- 	
6.768304836345871 	- 	- 	- 	
6.778309721543723 	- 	- 	- 	
6.788314606741574 	- 	- 	- 	
6.798319491939425 	- 	- 	- 	
6.808324377137273 	- 	- 	- 	
6.818329262335125 	- 	- 	- 	
6.828334147532976 	- 	- 	- 	
6.838339032730827 	- 	- 	- 	
6.848343917928679 	- 	- 	- 	
6.8583488031265265 	- 	- 	- 	
6.868353688324378 	- 	- 	- 	
6.878358573522229 	- 	- 	- 	
6.888363458720081 	- 	- 	- 	
6.898368343917928 	- 	- 	- 	
6.90837322911578 	- 	- 	- 	
6.918378114313631 	- 	- 	- 	
6.9283829995114825 	- 	- 	- 	
6.93838788470933 	- 	- 	- 	
6.948392769907182 	- 	- 	- 	
6.958397655105033 	- 	- 	- 	
6.968402540302884 	- 	- 	- 	
6.978407425500732 	- 	- 	- 	
6.988412310698584 	- 	- 	- 	
6.998417195896435 	- 	- 	- 	
7.008422081094286 	- 	- 	- 	
7.018426966292134 	- 	- 	- 	
7.0284318514899855 	- 	- 	- 	
7.038436736687837 	- 	- 	- 	
7.048441621885688 	- 	- 	- 	
7.058446507083536 	- 	- 	- 	
7.068451392281387 	- 	- 	- 	
7.078456277479239 	- 	- 	- 	
7.08846116267709 	- 	- 	- 	
7.0984660478749415 	- 	- 	- 	
7.108470933072789 	- 	- 	- 	
7.118475818270641 	- 	- 	- 	
7.128480703468492 	- 	- 	- 	
7.138485588666343 	- 	- 	- 	
7.148490473864191 	- 	- 	- 	
7.158495359062043 	- 	- 	- 	
7.168500244259894 	- 	- 	- 	
7.178505129457745 	- 	- 	- 	
7.188510014655593 	- 	- 	- 	
7.1985148998534445 	- 	- 	- 	
7.208519785051296 	- 	- 	- 	
7.218524670249147 	- 	- 	- 	
7.228529555446995 	- 	- 	- 	
7.238534440644846 	- 	- 	- 	
7.248539325842698 	- 	- 	- 	
7.258544211040549 	- 	- 	- 	
7.268549096238397 	- 	- 	- 	
7.278553981436248 	- 	- 	- 	
7.2885588666341 	- 	- 	- 	
7.298563751831951 	- 	- 	- 	
7.308568637029799 	- 	- 	- 	
7.31857352222765 	- 	- 	- 	
7.328578407425502 	- 	- 	- 	
7.338583292623353 	- 	- 	- 	
7.348588177821204 	- 	- 	- 	
7.358593063019052 	- 	- 	- 	
7.3685979482169035 	- 	- 	- 	
7.378602833414755 	- 	- 	- 	
7.388607718612606 	- 	- 	- 	
7.398612603810454 	- 	- 	- 	
7.408617489008305 	- 	- 	- 	
7.418622374206157 	- 	- 	- 	
7.428627259404008 	- 	- 	- 	
7.438632144601856 	- 	- 	- 	
7.448637029799707 	- 	- 	- 	
7.458641914997559 	- 	- 	- 	
7.46864680019541 	- 	- 	- 	
7.478651685393258 	- 	- 	- 	
7.488656570591109 	- 	- 	- 	
7.498661455788961 	- 	- 	- 	
7.508666340986812 	- 	- 	- 	
7.51867122618466 	- 	- 	- 	
7.528676111382511 	- 	- 	- 	
7.5386809965803625 	- 	- 	- 	
7.548685881778214 	- 	- 	- 	
7.558690766976062 	- 	- 	- 	
7.568695652173913 	- 	- 	- 	
7.578700537371764 	- 	- 	- 	
7.588705422569616 	- 	- 	- 	
7.598710307767467 	- 	- 	- 	
7.608715192965315 	- 	- 	- 	
7.618720078163166 	- 	- 	- 	
7.628724963361018 	- 	- 	- 	
7.638729848558869 	- 	- 	- 	
7.648734733756717 	- 	- 	- 	
7.658739618954568 	- 	- 	- 	
7.66874450415242 	- 	- 	- 	
7.678749389350271 	- 	- 	- 	
7.688754274548119 	- 	- 	- 	
7.69875915974597 	- 	- 	- 	
7.7087640449438215 	- 	- 	- 	
7.718768930141673 	- 	- 	- 	
7.728773815339521 	- 	- 	- 	
7.738778700537372 	- 	- 	- 	
7.748783585735223 	- 	- 	- 	
7.758788470933075 	- 	- 	- 	
7.768793356130923 	- 	- 	- 	
7.778798241328774 	- 	- 	- 	
7.788803126526625 	- 	- 	- 	
7.798808011724477 	- 	- 	- 	
7.8088128969223245 	- 	- 	- 	
7.818817782120176 	- 	- 	- 	
7.828822667318027 	- 	- 	- 	
7.838827552515879 	- 	- 	- 	
7.84883243771373 	- 	- 	- 	
7.858837322911578 	- 	- 	- 	
7.868842208109429 	- 	- 	- 	
7.8788470933072805 	- 	- 	- 	
7.888851978505132 	- 	- 	- 	
7.89885686370298 	- 	- 	- 	
7.908861748900831 	- 	- 	- 	
7.918866634098682 	- 	- 	- 	
7.928871519296534 	- 	- 	- 	
7.938876404494382 	- 	- 	- 	
7.948881289692233 	- 	- 	- 	
7.958886174890084 	- 	- 	- 	
7.968891060087936 	- 	- 	- 	
7.9788959452857835 	- 	- 	- 	
7.988900830483635 	- 	- 	- 	
7.998905715681486 	- 	- 	- 	
8.008910600879338 	- 	- 	- 	
8.018915486077185 	- 	- 	- 	
8.028920371275037 	- 	- 	- 	
8.038925256472888 	- 	- 	- 	
8.04893014167074 	- 	- 	- 	
8.05893502686859 	- 	- 	- 	
8.068939912066439 	- 	- 	- 	
8.07894479726429 	- 	- 	- 	
8.088949682462141 	- 	- 	- 	
8.098954567659993 	- 	- 	- 	
8.10895945285784 	- 	- 	- 	
8.118964338055692 	- 	- 	- 	
8.128969223253543 	- 	- 	- 	
8.138974108451395 	- 	- 	- 	
8.148978993649242 	- 	- 	- 	
8.158983878847094 	- 	- 	- 	
8.168988764044945 	- 	- 	- 	
8.178993649242797 	- 	- 	- 	
8.188998534440644 	- 	- 	- 	
8.199003419638496 	- 	- 	- 	
8.209008304836347 	- 	- 	- 	
8.219013190034199 	- 	- 	- 	
8.229018075232046 	- 	- 	- 	
8.239022960429898 	- 	- 	- 	
8.249027845627749 	- 	- 	- 	
8.2590327308256 	- 	- 	- 	
8.269037616023448 	- 	- 	- 	
8.2790425012213 	- 	- 	- 	
8.289047386419151 	- 	- 	- 	
8.299052271617002 	- 	- 	- 	
8.309057156814854 	- 	- 	- 	
8.319062042012701 	- 	- 	- 	
8.329066927210553 	- 	- 	- 	
8.339071812408404 	- 	- 	- 	
8.349076697606256 	- 	- 	- 	
8.359081582804103 	- 	- 	- 	
8.369086468001955 	- 	- 	- 	
8.379091353199806 	- 	- 	- 	
8.389096238397658 	- 	- 	- 	
8.399101123595505 	- 	- 	- 	
8.409106008793357 	- 	- 	- 	
8.419110893991208 	- 	- 	- 	
8.42911577918906 	- 	- 	- 	
8.439120664386907 	- 	- 	- 	
8.449125549584759 	- 	- 	- 	
8.45913043478261 	- 	- 	- 	
8.469135319980461 	- 	- 	- 	
8.47914020517831 	- 	- 	- 	
8.48914509037616 	- 	- 	- 	
8.499149975574012 	- 	- 	- 	
8.509154860771863 	- 	- 	- 	
8.519159745969711 	- 	- 	- 	
8.529164631167562 	- 	- 	- 	
8.539169516365414 	- 	- 	- 	
8.549174401563265 	- 	- 	- 	
8.559179286761117 	- 	- 	- 	
8.569184171958964 	- 	- 	- 	
8.579189057156816 	- 	- 	- 	
8.589193942354667 	- 	- 	- 	
8.599198827552518 	- 	- 	- 	
8.609203712750366 	- 	- 	- 	
8.619208597948218 	- 	- 	- 	
8.629213483146069 	- 	- 	- 	
8.63921836834392 	- 	- 	- 	
8.649223253541768 	- 	- 	- 	
8.65922813873962 	- 	- 	- 	
8.66923302393747 	- 	- 	- 	
8.679237909135322 	- 	- 	- 	
8.68924279433317 	- 	- 	- 	
8.699247679531021 	- 	- 	- 	
8.709252564728873 	- 	- 	- 	
8.719257449926724 	- 	- 	- 	
8.729262335124572 	- 	- 	- 	
8.739267220322423 	- 	- 	- 	
8.749272105520275 	- 	- 	- 	
8.759276990718126 	- 	- 	- 	
8.769281875915974 	- 	- 	- 	
8.779286761113825 	- 	- 	- 	
8.789291646311677 	- 	- 	- 	
8.799296531509528 	- 	- 	- 	
8.80930141670738 	- 	- 	- 	
8.819306301905227 	- 	- 	- 	
8.829311187103078 	- 	- 	- 	
8.83931607230093 	- 	- 	- 	
8.849320957498781 	- 	- 	- 	
8.859325842696629 	- 	- 	- 	
8.86933072789448 	- 	- 	- 	
8.879335613092332 	- 	- 	- 	
8.889340498290183 	- 	- 	- 	
8.899345383488031 	- 	- 	- 	
8.909350268685882 	- 	- 	- 	
8.919355153883734 	- 	- 	- 	
8.929360039081585 	- 	- 	- 	
8.939364924279433 	- 	- 	- 	
8.949369809477284 	- 	- 	- 	
8.959374694675136 	- 	- 	- 	
8.969379579872987 	- 	- 	- 	
8.979384465070835 	- 	- 	- 	
8.989389350268686 	- 	- 	- 	
8.999394235466537 	- 	- 	- 	
9.009399120664389 	- 	- 	- 	
9.019404005862237 	- 	- 	- 	
9.029408891060088 	- 	- 	- 	
9.03941377625794 	- 	- 	- 	
9.04941866145579 	- 	- 	- 	
9.059423546653642 	- 	- 	- 	
9.06942843185149 	- 	- 	- 	
9.079433317049341 	- 	- 	- 	
9.089438202247193 	- 	- 	- 	
9.099443087445044 	- 	- 	- 	
9.109447972642892 	- 	- 	- 	
9.119452857840743 	- 	- 	- 	
9.129457743038595 	- 	- 	- 	
9.139462628236446 	- 	- 	- 	
9.149467513434294 	- 	- 	- 	
9.159472398632145 	- 	- 	- 	
9.169477283829996 	- 	- 	- 	
9.179482169027848 	- 	- 	- 	
9.189487054225696 	- 	- 	- 	
9.199491939423547 	- 	- 	- 	
9.209496824621398 	- 	- 	- 	
9.21950170981925 	- 	- 	- 	
9.229506595017098 	- 	- 	- 	
9.239511480214949 	- 	- 	- 	
9.2495163654128 	- 	- 	- 	
9.259521250610652 	- 	- 	- 	
9.2695261358085 	- 	- 	- 	
9.27953102100635 	- 	- 	- 	
9.289535906204202 	- 	- 	- 	
9.299540791402054 	- 	- 	- 	
9.309545676599905 	- 	- 	- 	
9.319550561797753 	- 	- 	- 	
9.329555446995604 	- 	- 	- 	
9.339560332193455 	- 	- 	- 	
9.349565217391307 	- 	- 	- 	
9.359570102589155 	- 	- 	- 	
9.369574987787006 	- 	- 	- 	
9.379579872984857 	- 	- 	- 	
9.389584758182709 	- 	- 	- 	
9.399589643380557 	- 	- 	- 	
9.409594528578408 	- 	- 	- 	
9.41959941377626 	- 	- 	- 	
9.42960429897411 	- 	- 	- 	
9.439609184171958 	- 	- 	- 	
9.44961406936981 	- 	- 	- 	
9.459618954567661 	- 	- 	- 	
9.469623839765513 	- 	- 	- 	
9.47962872496336 	- 	- 	- 	
9.489633610161212 	- 	- 	- 	
9.499638495359063 	- 	- 	- 	
9.509643380556914 	- 	- 	- 	
9.519648265754766 	- 	- 	- 	
9.529653150952614 	- 	- 	- 	
9.539658036150465 	- 	- 	- 	
9.549662921348316 	- 	- 	- 	
9.559667806546168 	- 	- 	- 	
9.569672691744016 	- 	- 	- 	
9.579677576941867 	- 	- 	- 	
9.589682462139718 	- 	- 	- 	
9.59968734733757 	- 	- 	- 	
9.609692232535417 	- 	- 	- 	
9.619697117733269 	- 	- 	- 	
9.62970200293112 	- 	- 	- 	
9.639706888128972 	- 	- 	- 	
9.64971177332682 	- 	- 	- 	
9.65971665852467 	- 	- 	- 	
9.669721543722522 	- 	- 	- 	
9.679726428920373 	- 	- 	- 	
9.689731314118221 	- 	- 	- 	
9.699736199316073 	- 	- 	- 	
9.709741084513924 	- 	- 	- 	
9.719745969711775 	- 	- 	- 	
9.729750854909623 	- 	- 	- 	
9.739755740107475 	- 	- 	- 	
9.749760625305326 	- 	- 	- 	
9.759765510503177 	- 	- 	- 	
9.769770395701029 	- 	- 	- 	
9.779775280898876 	- 	- 	- 	
9.789780166096728 	- 	- 	- 	
9.79978505129458 	- 	- 	- 	
9.80978993649243 	- 	- 	- 	
9.819794821690278 	- 	- 	- 	
9.82979970688813 	- 	- 	- 	
9.839804592085981 	- 	- 	- 	
9.849809477283832 	- 	- 	- 	
9.85981436248168 	- 	- 	- 	
9.869819247679532 	- 	- 	- 	
9.879824132877383 	- 	- 	- 	
9.889829018075234 	- 	- 	- 	
9.899833903273082 	- 	- 	- 	
9.909838788470934 	- 	- 	- 	
9.919843673668785 	- 	- 	- 	
9.929848558866636 	- 	- 	- 	
9.939853444064484 	- 	- 	- 	
9.949858329262335 	- 	- 	- 	
9.959863214460187 	- 	- 	- 	
9.969868099658038 	- 	- 	- 	
9.979872984855886 	- 	- 	- 	
9.989877870053737 	- 	- 	- 	
9.999882755251589 	- 	- 	- 	
10.00988764044944 	- 	- 	- 	
10.019892525647291 	- 	- 	- 	
10.02989741084514 	- 	- 	- 	
10.03990229604299 	- 	- 	- 	
10.049907181240842 	- 	- 	- 	
10.059912066438693 	- 	- 	- 	
10.069916951636541 	- 	- 	- 	
10.079921836834393 	- 	- 	- 	
10.089926722032244 	- 	- 	- 	
10.099931607230095 	- 	- 	- 	
10.109936492427943 	- 	- 	- 	
10.119941377625794 	- 	- 	- 	
10.129946262823646 	- 	- 	- 	
10.139951148021497 	- 	- 	- 	
10.149956033219345 	- 	- 	- 	
10.159960918417196 	- 	- 	- 	
10.169965803615048 	- 	- 	- 	
10.1799706888129 	- 	- 	- 	
10.189975574010747 	- 	- 	- 	
10.199980459208598 	- 	- 	- 	
10.20998534440645 	- 	- 	- 	
10.219990229604301 	- 	- 	- 	
10.229995114802149 	- 	- 	- 	
10.24 	- 	- 	- 	
#######################################