## 2D correlation ellipsies (nlines: 2048)

##dt	dx	Rdt	Rdx	
-10.24 	-6.2832 	1.0 	0.9934035394917645 	
-10.229995114802149 	-6.2586082191780825 	0.9597891485999293 	0.9824910680764973 	
-10.2199902296043 	-6.234016438356164 	0.854825610528794 	0.898002539024128 	
-10.209985344406448 	-6.209424657534247 	0.7207176680283927 	0.7707453412784624 	
-10.199980459208598 	-6.184832876712329 	0.5903988028915753 	0.6367109933216164 	
-10.189975574010747 	-6.160241095890411 	0.48049201556201676 	0.5187553500742942 	
-10.179970688812897 	-6.135649315068493 	0.3930744424249134 	0.42341576008350146 	
-10.169965803615046 	-6.111057534246576 	0.32413826297752707 	0.3481517796419735 	
-10.159960918417196 	-6.086465753424657 	0.2693977153530205 	0.2885353335951185 	
-10.149956033219345 	-6.06187397260274 	0.2257121899505833 	0.2410279996206229 	
-10.139951148021495 	-6.037282191780822 	0.19072624754856882 	0.20302477635801933 	
-10.129946262823644 	-6.012690410958904 	0.1625674417174552 	0.172487514702958 	
-10.119941377625794 	-5.988098630136986 	0.1397798241779322 	0.147817829327832 	
-10.109936492427943 	-5.963506849315069 	0.12125964099689528 	0.12779566346495297 	
-10.099931607230094 	-5.93891506849315 	0.10616297951791058 	0.11149041937780324 	
-10.089926722032242 	-5.914323287671233 	0.09383307221669866 	0.09818113304189396 	
-10.079921836834393 	-5.889731506849315 	0.08375049513227743 	0.08730151501904794 	
-10.069916951636541 	-5.865139726027397 	0.07549086348789567 	0.07839619838600775 	
-10.059912066438692 	-5.840547945205479 	0.06868795856362525 	0.07108070601292349 	
-10.04990718124084 	-5.815956164383562 	0.06301386721325807 	0.06501313086790705 	
-10.03990229604299 	-5.7913643835616435 	0.058186020444275094 	0.05989091010980977 	
-10.02989741084514 	-5.766772602739726 	0.053990770975348386 	0.055471335542527686 	
-10.01989252564729 	-5.742180821917808 	0.05029516623243508 	0.051591580821018765 	
-10.009887640449438 	-5.7175890410958905 	0.04702809242476105 	0.04816185683650978 	
-9.999882755251587 	-5.692997260273972 	0.04414291717349415 	0.045131471804391164 	
-9.989877870053737 	-5.668405479452055 	0.041593988614884024 	0.04245617673856703 	
-9.979872984855886 	-5.643813698630137 	0.039345278039299166 	0.04009461493314621 	
-9.969868099658036 	-5.619221917808219 	0.037392956592578075 	0.03802927132920128 	
-9.959863214460185 	-5.594630136986301 	0.03576586392538164 	0.03627826891025729 	
-9.949858329262335 	-5.570038356164384 	0.034491100914303595 	0.034873526992724474 	
-9.939853444064484 	-5.545446575342465 	0.03354817727510189 	0.03381623736780071 	
-9.929848558866635 	-5.520854794520548 	0.032845736566076325 	0.03304211384693129 	
-9.919843673668783 	-5.49626301369863 	0.03223861681901111 	0.032422020069562 	
-9.909838788470934 	-5.471671232876712 	0.03157847584696276 	0.031801727247611454 	
-9.899833903273082 	-5.447079452054794 	0.03077010352010477 	0.031060189344050106 	
-9.889829018075233 	-5.422487671232877 	0.029800793522614173 	0.030152271353717945 	
-9.879824132877381 	-5.397895890410958 	0.0287293808435555 	0.029113010842225753 	
-9.869819247679532 	-5.373304109589041 	0.02764779703328827 	0.02802722180329668 	
-9.85981436248168 	-5.348712328767123 	0.026638371737326937 	0.026985625362753493 	
-9.84980947728383 	-5.324120547945205 	0.025744783230695116 	0.02604852651854976 	
-9.83980459208598 	-5.299528767123288 	0.024965948982066728 	0.02523053501438283 	
-9.82979970688813 	-5.27493698630137 	0.024271578502924607 	0.024509628503925802 	
-9.819794821690278 	-5.2503452054794515 	0.02362500335933554 	0.023849584378448828 	
-9.809789936492429 	-5.225753424657534 	0.022997098705839356 	0.02321757276249166 	
-9.799785051294577 	-5.201161643835617 	0.0223712989301123 	0.022591062772548454 	
-9.789780166096728 	-5.1765698630136985 	0.021750903437376793 	0.021964495389191444 	
-9.779775280898876 	-5.15197808219178 	0.021166078536689618 	0.021359245545500432 	
-9.769770395701027 	-5.127386301369863 	0.02066192229927426 	0.02081994514040597 	
-9.759765510503176 	-5.1027945205479455 	0.0202648455219666 	0.02038510393514735 	
-9.749760625305324 	-5.078202739726027 	0.019956886794724498 	0.020053320359200454 	
-9.739755740107475 	-5.053610958904109 	0.019686387951869708 	0.019780472174133208 	
-9.729750854909623 	-5.029019178082192 	0.019402708760552966 	0.019510715270186246 	
-9.719745969711774 	-5.004427397260274 	0.01907667463548597 	0.019205960547825904 	
-9.709741084513922 	-4.979835616438356 	0.018692610797431453 	0.01884681905226573 	
-9.699736199316073 	-4.9552438356164386 	0.01823511038250502 	0.018418220793299443 	
-9.689731314118221 	-4.93065205479452 	0.01769112626398516 	0.01790626659934155 	
-9.679726428920372 	-4.906060273972603 	0.0170563656014277 	0.017305319353443416 	
-9.66972154372252 	-4.881468493150685 	0.016328046174675776 	0.01661489082815385 	
-9.65971665852467 	-4.856876712328767 	0.015492505256913671 	0.01582547469689198 	
-9.64971177332682 	-4.832284931506849 	0.01452887108233267 	0.014915154533692897 	
-9.63970688812897 	-4.807693150684932 	0.013429244756330581 	0.013866602300302146 	
-9.629702002931118 	-4.783101369863013 	0.012218171032003693 	0.012689913750324494 	
-9.619697117733269 	-4.758509589041096 	0.010961937085264243 	0.0114365429255734 	
-9.609692232535417 	-4.733917808219178 	0.009766925270779207 	0.010201451815428732 	
-9.599687347337568 	-4.70932602739726 	0.008761470664077432 	0.009110140824680622 	
-9.589682462139717 	-4.684734246575342 	0.008058480227005622 	0.008286097102583462 	
-9.579677576941867 	-4.660142465753425 	0.00771425953078169 	0.007808662868855291 	
-9.569672691744016 	-4.6355506849315065 	0.007707660804260003 	0.007684442230223996 	
-9.559667806546166 	-4.610958904109589 	0.007949192157383074 	0.007846642038407027 	
-9.549662921348315 	-4.586367123287671 	0.008312387325000142 	0.008178726756881438 	
-9.539658036150465 	-4.5617753424657534 	0.008676112449990237 	0.008552863430873752 	
-9.529653150952614 	-4.537183561643835 	0.008964270712284679 	0.00887280196252626 	
-9.519648265754764 	-4.512591780821918 	0.009162308888965782 	0.009101939768888893 	
-9.509643380556913 	-4.4879999999999995 	0.009298565918085318 	0.00925722760302563 	
-9.499638495359061 	-4.463408219178082 	0.009406442921069794 	0.009374404186158574 	
-9.489633610161212 	-4.438816438356165 	0.009496815001765245 	0.009473671178089069 	
-9.47962872496336 	-4.4142246575342465 	0.00955227675212746 	0.009546467714873733 	
-9.46962383976551 	-4.389632876712328 	0.009535683983694587 	0.00956053946536881 	
-9.45961895456766 	-4.365041095890411 	0.00940765586454644 	0.009475124498562842 	
-9.44961406936981 	-4.3404493150684935 	0.009150605196742932 	0.00926360442715917 	
-9.439609184171958 	-4.315857534246575 	0.00878511689159035 	0.00893388971335287 	
-9.429604298974109 	-4.291265753424657 	0.00836188089835497 	0.008528765803175775 	
-9.419599413776258 	-4.26667397260274 	0.007934214061949963 	0.008102948742515742 	
-9.409594528578408 	-4.242082191780822 	0.007535076065156003 	0.007696560109572193 	
-9.399589643380557 	-4.217490410958904 	0.007172921792826288 	0.007324797072990187 	
-9.389584758182707 	-4.192898630136986 	0.006840038673761607 	0.006983587080749924 	
-9.379579872984856 	-4.168306849315068 	0.006524071730753845 	0.0066606942330994495 	
-9.369574987787006 	-4.143715068493151 	0.006223736899232514 	0.0063496687110237504 	
-9.359570102589155 	-4.119123287671233 	0.0059679910859901176 	0.00606840314547506 	
-9.349565217391305 	-4.094531506849314 	0.005822780620869694 	0.005871872449582902 	
-9.339560332193454 	-4.069939726027397 	0.005869205666564157 	0.005840416666248366 	
-9.329555446995604 	-4.04534794520548 	0.006162798606897926 	0.0060430553846754585 	
-9.319550561797753 	-4.020756164383561 	0.006703644104971488 	0.006501269614782886 	
-9.309545676599903 	-3.9961643835616436 	0.0074333482824139 	0.007176467997966705 	
-9.299540791402052 	-3.971572602739726 	0.008249899240378007 	0.00797942899108205 	
-9.289535906204202 	-3.946980821917808 	0.009029970045513702 	0.008789898671964643 	
-9.27953102100635 	-3.92238904109589 	0.009660252025943254 	0.009485245473034129 	
-9.269526135808501 	-3.8977972602739723 	0.010073691113696236 	0.009977930181269514 	
-9.25952125061065 	-3.8732054794520545 	0.01026837136265032 	0.010243673908799754 	
-9.249516365412799 	-3.8486136986301367 	0.010291106272041578 	0.010316752562818172 	
-9.239511480214949 	-3.824021917808219 	0.010200880012186574 	0.010255962915378626 	
-9.229506595017098 	-3.799430136986301 	0.010049374159346418 	0.010115757311784497 	
-9.219501709819248 	-3.7748383561643832 	0.009893825571494489 	0.009949347239527307 	
-9.209496824621397 	-3.7502465753424654 	0.009815631072514692 	0.009829463674570306 	
-9.199491939423547 	-3.7256547945205476 	0.009910215256860068 	0.009849649440564833 	
-9.189487054225696 	-3.7010630136986298 	0.010249283061429297 	0.010093528927160741 	
-9.179482169027846 	-3.676471232876712 	0.010847815647414523 	0.0105974502589222 	
-9.169477283829995 	-3.6518794520547946 	0.011658780880306092 	0.011335686523958019 	
-9.159472398632145 	-3.6272876712328768 	0.012590563279493072 	0.012231291146311257 	
-9.149467513434294 	-3.602695890410959 	0.0135335915457521 	0.013179523319872662 	
-9.139462628236444 	-3.578104109589041 	0.014392053768317604 	0.014077065579752475 	
-9.129457743038593 	-3.5535123287671233 	0.015117612512352111 	0.014855786788674944 	
-9.119452857840743 	-3.5289205479452055 	0.015729408682053712 	0.015510101975809413 	
-9.109447972642892 	-3.5043287671232877 	0.01629843941867605 	0.016096040546826465 	
-9.099443087445042 	-3.47973698630137 	0.016891768567694462 	0.016688391201303568 	
-9.089438202247191 	-3.455145205479452 	0.01750754655149141 	0.0173137104489401 	
-9.079433317049341 	-3.430553424657534 	0.018053599193988915 	0.01790857173141422 	
-9.06942843185149 	-3.4059616438356164 	0.01839581398746802 	0.018344652278420054 	
-9.05942354665364 	-3.3813698630136986 	0.018440236491086805 	0.01850634958343264 	
-9.049418661455789 	-3.3567780821917808 	0.018179729762434902 	0.018355776846276105 	
-9.039413776257938 	-3.332186301369863 	0.01767347145930391 	0.017934255780083716 	
-9.029408891060088 	-3.307594520547945 	0.016993447093771315 	0.017314145022683556 	
-9.019404005862238 	-3.2830027397260273 	0.016192990452129827 	0.01655584869800988 	
-9.009399120664387 	-3.2584109589041095 	0.01531515160364673 	0.015703455054716143 	
-8.999394235466536 	-3.2338191780821917 	0.01441603917092881 	0.014805881374593297 	
-8.989389350268686 	-3.209227397260274 	0.013574388997827718 	0.013932828915506765 	
-8.979384465070835 	-3.184635616438356 	0.012881971469562208 	0.013172010458498024 	
-8.969379579872985 	-3.160043835616438 	0.01242499907595407 	0.012613574747787116 	
-8.959374694675134 	-3.1354520547945204 	0.012265177282273101 	0.012330893819608764 	
-8.949369809477284 	-3.1108602739726026 	0.012424999075954025 	0.012363414349778886 	
-8.939364924279433 	-3.0862684931506847 	0.0128819714695622 	0.012706784134421696 	
-8.929360039081583 	-3.061676712328767 	0.013574388997827685 	0.013314064090900808 	
-8.919355153883732 	-3.037084931506849 	0.014416039170928794 	0.014106895143408599 	
-8.909350268685882 	-3.0124931506849313 	0.015315151603646722 	0.014992796625144538 	
-8.899345383488031 	-2.9879013698630135 	0.0161929904521298 	0.01588521191649661 	
-8.889340498290181 	-2.9633095890410956 	0.016993447093771305 	0.016719044072512512 	
-8.87933561309233 	-2.938717808219178 	0.01767347145930391 	0.017448991284087702 	
-8.86933072789448 	-2.91412602739726 	0.018179729762434895 	0.018027939707185324 	
-8.859325842696629 	-2.889534246575342 	0.018440236491086826 	0.018388570277138923 	
-8.84932095749878 	-2.8649424657534244 	0.018395813987468014 	0.018460552926089554 	
-8.839316072300928 	-2.8403506849315066 	0.018053599193988915 	0.018222411398574646 	
-8.829311187103078 	-2.8157589041095887 	0.017507546551491407 	0.017740031813823567 	
-8.819306301905227 	-2.791167123287671 	0.016891768567694462 	0.017142745060895585 	
-8.809301416707378 	-2.766575342465753 	0.016298439418676057 	0.016545797877915238 	
-8.799296531509526 	-2.7419835616438353 	0.015729408682053712 	0.015983212193633647 	
-8.789291646311675 	-2.7173917808219175 	0.015117612512352099 	0.015404990910450448 	
-8.779286761113825 	-2.6927999999999996 	0.014392053768317628 	0.014732626755851023 	
-8.769281875915976 	-2.668208219178082 	0.013533591545752087 	0.013923568992786338 	
-8.759276990718124 	-2.643616438356164 	0.012590563279493061 	0.01300247237733463 	
-8.749272105520273 	-2.619024657534246 	0.011658780880306096 	0.012051967017309213 	
-8.739267220322423 	-2.594432876712329 	0.010847815647414522 	0.011181508923145877 	
-8.729262335124572 	-2.569841095890411 	0.010249283061429306 	0.010493901585894505 	
-8.719257449926722 	-2.545249315068493 	0.009910215256860071 	0.010056024690281514 	
-8.709252564728871 	-2.5206575342465753 	0.009815631072514692 	0.009876093065866709 	
-8.699247679531021 	-2.4960657534246575 	0.009893825571494494 	0.00989934385502844 	
-8.68924279433317 	-2.4714739726027397 	0.010049374159346411 	0.01003336749647176 	
-8.67923790913532 	-2.446882191780822 	0.010200880012186577 	0.010189000717158649 	
-8.669233023937469 	-2.422290410958904 	0.010291106272041583 	0.010302229640715917 	
-8.65922813873962 	-2.3976986301369863 	0.010268371362650318 	0.010322289837139818 	
-8.649223253541768 	-2.3731068493150684 	0.010073691113696237 	0.010192309950870651 	
-8.639218368343919 	-2.3485150684931506 	0.009660252025943254 	0.009857493593420738 	
-8.629213483146067 	-2.323923287671233 	0.009029970045513718 	0.009299693605929533 	
-8.619208597948218 	-2.299331506849315 	0.008249899240378007 	0.008563548686043409 	
-8.609203712750366 	-2.2747397260273967 	0.007433348282413904 	0.0077487226511343404 	
-8.599198827552517 	-2.2501479452054793 	0.006703644104971495 	0.006977418481365411 	
-8.589193942354665 	-2.225556164383561 	0.0061627986068979275 	0.006361155290606957 	
-8.579189057156816 	-2.2009643835616437 	0.005869205666564167 	0.005976138999943693 	
-8.569184171958964 	-2.1763726027397254 	0.005822780620869703 	0.005844512561762682 	
-8.559179286761115 	-2.151780821917808 	0.005967991085990119 	0.005928522087578451 	
-8.549174401563263 	-2.12718904109589 	0.006223736899232517 	0.006151344749190789 	
-8.539169516365412 	-2.1025972602739724 	0.00652407173075383 	0.00643805153749298 	
-8.529164631167562 	-2.078005479452055 	0.006840038673761605 	0.0067470681954924176 	
-8.519159745969713 	-2.053413698630137 	0.007172921792826291 	0.007072122196285226 	
-8.509154860771861 	-2.0288219178082194 	0.0075350760651560055 	0.007424366075309461 	
-8.49914997557401 	-2.004230136986301 	0.00793421406194998 	0.007814469809128416 	
-8.48914509037616 	-1.9796383561643838 	0.008361880898354978 	0.008240255558954688 	
-8.47914020517831 	-1.9550465753424655 	0.008785116891590351 	0.008676702520765791 	
-8.46913531998046 	-1.9304547945205481 	0.009150605196742954 	0.009074345024957273 	
-8.459130434782608 	-1.9058630136986299 	0.009407655864546434 	0.009376708578329309 	
-8.449125549584759 	-1.8812712328767125 	0.009535683983694584 	0.009549953961212925 	
-8.439120664386907 	-1.8566794520547942 	0.009552276752127456 	0.009599821111032029 	
-8.429115779189058 	-1.8320876712328769 	0.00949681500176524 	0.009561746449336814 	
-8.419110893991206 	-1.8074958904109586 	0.009406442921069784 	0.009476610598789771 	
-8.409106008793357 	-1.7829041095890412 	0.009298565918085307 	0.00937054549825706 	
-8.399101123595505 	-1.758312328767123 	0.009162308888965777 	0.009243543956762867 	
-8.389096238397656 	-1.7337205479452056 	0.008964270712284702 	0.00906889533940493 	
-8.379091353199804 	-1.7091287671232873 	0.00867611244999025 	0.008812426155698355 	
-8.369086468001955 	-1.68453698630137 	0.008312387325000135 	0.00846916643538017 	
-8.359081582804103 	-1.6599452054794517 	0.007949192157383083 	0.008092145689638841 	
-8.349076697606254 	-1.6353534246575343 	0.007707660804260014 	0.007789242672143807 	
-8.339071812408402 	-1.610761643835616 	0.007714259530781687 	0.007690265579595054 	
-8.329066927210553 	-1.5861698630136987 	0.00805848022700563 	0.007903378419355341 	
-8.319062042012701 	-1.5615780821917804 	0.008761470664077432 	0.008477234486279323 	
-8.309057156814852 	-1.536986301369863 	0.009766925270779232 	0.00938191829401601 	
-8.299052271617 	-1.5123945205479448 	0.010961937085264238 	0.010520011862581625 	
-8.28904738641915 	-1.4878027397260274 	0.012218171032003695 	0.011764149541094353 	
-8.2790425012213 	-1.4632109589041091 	0.013429244756330571 	0.01299836279799791 	
-8.26903761602345 	-1.4386191780821918 	0.01452887108233267 	0.014142325483814935 	
-8.259032730825599 	-1.4140273972602735 	0.015492505256913666 	0.015157047357519961 	
-8.249027845627747 	-1.3894356164383561 	0.016328046174675787 	0.01603937035275642 	
-8.239022960429898 	-1.3648438356164379 	0.0170563656014277 	0.016806524391366647 	
-8.229018075232048 	-1.3402520547945205 	0.017691126263985182 	0.01747516285165939 	
-8.219013190034197 	-1.3156602739726022 	0.018235110382505023 	0.018051197890328368 	
-8.209008304836345 	-1.2910684931506848 	0.01869261079743146 	0.018538189195202046 	
-8.199003419638496 	-1.2664767123287666 	0.019076674635485968 	0.018947674111857063 	
-8.188998534440644 	-1.2418849315068492 	0.019402708760552966 	0.01929549090255707 	
-8.178993649242795 	-1.217293150684931 	0.019686387951869694 	0.01959557338375105 	
-8.168988764044943 	-1.1927013698630136 	0.019956886794724515 	0.019869304399548305 	
-8.158983878847094 	-1.1681095890410953 	0.0202648455219666 	0.020159502896052423 	
-8.148978993649242 	-1.143517808219178 	0.020661922299274264 	0.02052087704839827 	
-8.138974108451393 	-1.1189260273972597 	0.021166078536689618 	0.020986470877940706 	
-8.128969223253542 	-1.0943342465753423 	0.02175090343737682 	0.021545094528310948 	
-8.118964338055692 	-1.069742465753424 	0.022371298930112294 	0.02215534607904401 	
-8.10895945285784 	-1.0451506849315066 	0.02299709870583936 	0.022779653260625973 	
-8.098954567659991 	-1.0205589041095893 	0.023625003359335543 	0.023404699377958516 	
-8.08894968246214 	-0.995967123287671 	0.024271578502924624 	0.024039826124408938 	
-8.078944797264288 	-0.9713753424657536 	0.024965948982066728 	0.02470966702903147 	
-8.068939912066439 	-0.9467835616438354 	0.025744783230695106 	0.025449590803848142 	
-8.058935026868589 	-0.922191780821918 	0.02663837173732692 	0.026295071110440767 	
-8.048930141670738 	-0.8975999999999997 	0.027647797033288287 	0.027260353611923215 	
-8.038925256472886 	-0.8730082191780824 	0.028729380843555506 	0.0283188404123043 	
-8.028920371275037 	-0.8484164383561641 	0.02980079352261416 	0.029401053235351495 	
-8.018915486077187 	-0.8238246575342467 	0.03077010352010476 	0.03041522970571093 	
-8.008910600879336 	-0.7992328767123285 	0.03157847584696275 	0.03128550195184481 	
-7.998905715681485 	-0.7746410958904111 	0.03223861681901111 	0.03199429458808198 	
-7.988900830483635 	-0.7500493150684928 	0.032845736566076325 	0.032606519437122526 	
-7.9788959452857835 	-0.7254575342465754 	0.03354817727510187 	0.03325570435715988 	
-7.968891060087934 	-0.7008657534246572 	0.03449110091430363 	0.03409480814290118 	
-7.9588861748900825 	-0.6762739726027398 	0.03576586392538164 	0.03523941773996863 	
-7.948881289692233 	-0.6516821917808215 	0.03739295659257807 	0.03673539579457761 	
-7.938876404494382 	-0.6270904109589042 	0.03934527803929916 	0.03856735585990179 	
-7.928871519296532 	-0.6024986301369859 	0.041593988614884045 	0.04070023189762723 	
-7.918866634098681 	-0.5779068493150685 	0.04414291717349415 	0.043123210037192355 	
-7.908861748900831 	-0.5533150684931503 	0.04702809242476106 	0.04586323653742063 	
-7.89885686370298 	-0.5287232876712329 	0.050295166232435046 	0.04896630765163671 	
-7.88885197850513 	-0.5041315068493146 	0.05399077097534838 	0.052479036552196295 	
-7.878847093307279 	-0.47953972602739725 	0.05818602044427509 	0.05645997299790641 	
-7.868842208109429 	-0.454947945205479 	0.06301386721325804 	0.061015259087831085 	
-7.858837322911578 	-0.4303561643835616 	0.06868795856362526 	0.06632741611865044 	
-7.848832437713727 	-0.40576438356164335 	0.07549086348789569 	0.07265454780460343 	
-7.838827552515877 	-0.381172602739726 	0.08375049513227743 	0.08030811035454137 	
-7.828822667318026 	-0.3565808219178077 	0.09383307221669869 	0.08963758193989793 	
-7.818817782120176 	-0.33198904109589034 	0.1061629795179106 	0.10104077597224258 	
-7.808812896922325 	-0.3073972602739721 	0.12125964099689529 	0.11499578806234073 	
-7.798808011724475 	-0.2828054794520547 	0.1397798241779322 	0.1321014682817017 	
-7.788803126526624 	-0.25821369863013643 	0.16256744171745524 	0.15312290664539316 	
-7.778798241328774 	-0.23362191780821906 	0.19072624754856876 	0.1790556737879537 	
-7.7687933561309235 	-0.2090301369863008 	0.2257121899505833 	0.21121768831093612 	
-7.758788470933073 	-0.18443835616438342 	0.26939771535302054 	0.2513256833157953 	
-7.7487835857352225 	-0.15984657534246516 	0.324138262977527 	0.30152877183719723 	
-7.738778700537372 	-0.13525479452054778 	0.3930744424249134 	0.3646006574293354 	
-7.728773815339521 	-0.11066301369862952 	0.4804920155620167 	0.44444151595340314 	
-7.718768930141671 	-0.08607123287671214 	0.5903988028915751 	0.545696552879535 	
-7.70876404494382 	-0.06147945205479388 	0.7207176680283927 	0.6696360325715105 	
-7.69875915974597 	-0.03688767123287651 	0.8548256105287937 	0.8057447219298015 	
-7.688754274548119 	-0.012295890410958243 	0.9597891485999293 	0.9261027722672613 	
-7.678749389350269 	0.012295890410959132 	1.0 	0.9934035394917645 	
-7.668744504152418 	0.03688767123287651 	0.9597891485999293 	0.9824910680764973 	
-7.658739618954568 	0.06147945205479477 	0.854825610528794 	0.898002539024128 	
-7.648734733756717 	0.08607123287671214 	0.7207176680283927 	0.7707453412784624 	
-7.638729848558867 	0.11066301369863041 	0.5903988028915753 	0.6367109933216164 	
-7.628724963361016 	0.13525479452054778 	0.48049201556201676 	0.5187553500742942 	
-7.618720078163166 	0.15984657534246605 	0.3930744424249134 	0.42341576008350146 	
-7.608715192965315 	0.18443835616438342 	0.32413826297752707 	0.3481517796419735 	
-7.5987103077674645 	0.20903013698630168 	0.2693977153530205 	0.2885353335951185 	
-7.588705422569614 	0.23362191780821906 	0.2257121899505833 	0.2410279996206229 	
-7.5787005373717635 	0.2582136986301373 	0.19072624754856882 	0.20302477635801933 	
-7.568695652173913 	0.2828054794520547 	0.1625674417174552 	0.172487514702958 	
-7.558690766976063 	0.30739726027397296 	0.1397798241779322 	0.147817829327832 	
-7.548685881778212 	0.33198904109589034 	0.12125964099689528 	0.12779566346495297 	
-7.538680996580362 	0.3565808219178086 	0.10616297951791058 	0.11149041937780324 	
-7.528676111382511 	0.381172602739726 	0.09383307221669866 	0.09818113304189396 	
-7.518671226184661 	0.40576438356164424 	0.08375049513227743 	0.08730151501904794 	
-7.50866634098681 	0.4303561643835616 	0.07549086348789567 	0.07839619838600775 	
-7.49866145578896 	0.4549479452054799 	0.06868795856362525 	0.07108070601292349 	
-7.488656570591109 	0.47953972602739725 	0.06301386721325807 	0.06501313086790705 	
-7.478651685393258 	0.5041315068493155 	0.058186020444275094 	0.05989091010980977 	
-7.468646800195408 	0.5287232876712329 	0.053990770975348386 	0.055471335542527686 	
-7.458641914997557 	0.5533150684931512 	0.05029516623243508 	0.051591580821018765 	
-7.448637029799707 	0.5779068493150685 	0.04702809242476105 	0.04816185683650978 	
-7.438632144601856 	0.6024986301369868 	0.04414291717349415 	0.045131471804391164 	
-7.428627259404006 	0.6270904109589042 	0.041593988614884024 	0.04245617673856703 	
-7.418622374206155 	0.6516821917808224 	0.039345278039299166 	0.04009461493314621 	
-7.408617489008305 	0.6762739726027398 	0.037392956592578075 	0.03802927132920128 	
-7.398612603810454 	0.7008657534246581 	0.03576586392538164 	0.03627826891025729 	
-7.3886077186126045 	0.7254575342465754 	0.034491100914303595 	0.034873526992724474 	
-7.378602833414753 	0.7500493150684937 	0.03354817727510189 	0.03381623736780071 	
-7.368597948216903 	0.7746410958904111 	0.032845736566076325 	0.03304211384693129 	
-7.358593063019052 	0.7992328767123293 	0.03223861681901111 	0.032422020069562 	
-7.348588177821202 	0.8238246575342467 	0.03157847584696276 	0.031801727247611454 	
-7.338583292623351 	0.848416438356165 	0.03077010352010477 	0.031060189344050106 	
-7.328578407425501 	0.8730082191780824 	0.029800793522614173 	0.030152271353717945 	
-7.31857352222765 	0.8976000000000006 	0.0287293808435555 	0.029113010842225753 	
-7.3085686370298 	0.922191780821918 	0.02764779703328827 	0.02802722180329668 	
-7.298563751831949 	0.9467835616438363 	0.026638371737326937 	0.026985625362753493 	
-7.288558866634099 	0.9713753424657536 	0.025744783230695116 	0.02604852651854976 	
-7.278553981436248 	0.9959671232876719 	0.024965948982066728 	0.02523053501438283 	
-7.268549096238398 	1.0205589041095893 	0.024271578502924607 	0.024509628503925802 	
-7.258544211040547 	1.0451506849315075 	0.02362500335933554 	0.023849584378448828 	
-7.248539325842696 	1.069742465753425 	0.022997098705839356 	0.02321757276249166 	
-7.238534440644846 	1.0943342465753423 	0.0223712989301123 	0.022591062772548454 	
-7.228529555446995 	1.1189260273972605 	0.021750903437376793 	0.021964495389191444 	
-7.2185246702491455 	1.143517808219178 	0.021166078536689618 	0.021359245545500432 	
-7.208519785051294 	1.1681095890410962 	0.02066192229927426 	0.02081994514040597 	
-7.1985148998534445 	1.1927013698630136 	0.0202648455219666 	0.02038510393514735 	
-7.188510014655593 	1.2172931506849318 	0.019956886794724498 	0.020053320359200454 	
-7.1785051294577435 	1.2418849315068492 	0.019686387951869708 	0.019780472174133208 	
-7.168500244259892 	1.2664767123287675 	0.019402708760552966 	0.019510715270186246 	
-7.158495359062043 	1.2910684931506848 	0.01907667463548597 	0.019205960547825904 	
-7.148490473864191 	1.315660273972603 	0.018692610797431453 	0.01884681905226573 	
-7.138485588666342 	1.3402520547945205 	0.01823511038250502 	0.018418220793299443 	
-7.12848070346849 	1.3648438356164387 	0.01769112626398516 	0.01790626659934155 	
-7.11847581827064 	1.3894356164383561 	0.0170563656014277 	0.017305319353443416 	
-7.108470933072789 	1.4140273972602744 	0.016328046174675776 	0.01661489082815385 	
-7.098466047874939 	1.4386191780821918 	0.015492505256913671 	0.01582547469689198 	
-7.088461162677088 	1.46321095890411 	0.01452887108233267 	0.014915154533692897 	
-7.078456277479238 	1.4878027397260274 	0.013429244756330581 	0.013866602300302146 	
-7.068451392281387 	1.5123945205479457 	0.012218171032003693 	0.012689913750324494 	
-7.058446507083537 	1.536986301369863 	0.010961937085264243 	0.0114365429255734 	
-7.0484416218856865 	1.5615780821917813 	0.009766925270779207 	0.010201451815428732 	
-7.038436736687836 	1.5861698630136987 	0.008761470664077432 	0.009110140824680622 	
-7.0284318514899855 	1.610761643835617 	0.008058480227005622 	0.008286097102583462 	
-7.018426966292135 	1.6353534246575343 	0.00771425953078169 	0.007808662868855291 	
-7.0084220810942846 	1.6599452054794526 	0.007707660804260003 	0.007684442230223996 	
-6.998417195896433 	1.68453698630137 	0.007949192157383074 	0.007846642038407027 	
-6.988412310698584 	1.7091287671232882 	0.008312387325000142 	0.008178726756881438 	
-6.978407425500732 	1.7337205479452065 	0.008676112449990237 	0.008552863430873752 	
-6.968402540302883 	1.758312328767123 	0.008964270712284679 	0.00887280196252626 	
-6.958397655105031 	1.7829041095890412 	0.009162308888965782 	0.009101939768888893 	
-6.948392769907182 	1.8074958904109595 	0.009298565918085318 	0.00925722760302563 	
-6.93838788470933 	1.8320876712328777 	0.009406442921069794 	0.009374404186158574 	
-6.928382999511481 	1.8566794520547942 	0.009496815001765245 	0.009473671178089069 	
-6.918378114313629 	1.8812712328767125 	0.00955227675212746 	0.009546467714873733 	
-6.90837322911578 	1.9058630136986308 	0.009535683983694587 	0.00956053946536881 	
-6.898368343917928 	1.930454794520549 	0.00940765586454644 	0.009475124498562842 	
-6.888363458720079 	1.9550465753424655 	0.009150605196742932 	0.00926360442715917 	
-6.8783585735222275 	1.9796383561643838 	0.00878511689159035 	0.00893388971335287 	
-6.868353688324377 	2.004230136986302 	0.00836188089835497 	0.008528765803175775 	
-6.8583488031265265 	2.0288219178082203 	0.007934214061949963 	0.008102948742515742 	
-6.848343917928676 	2.053413698630137 	0.007535076065156003 	0.007696560109572193 	
-6.8383390327308256 	2.078005479452055 	0.007172921792826288 	0.007324797072990187 	
-6.828334147532975 	2.1025972602739733 	0.006840038673761607 	0.006983587080749924 	
-6.818329262335125 	2.12718904109589 	0.006524071730753845 	0.0066606942330994495 	
-6.808324377137274 	2.151780821917808 	0.006223736899232514 	0.0063496687110237504 	
-6.798319491939424 	2.1763726027397263 	0.0059679910859901176 	0.00606840314547506 	
-6.788314606741573 	2.2009643835616446 	0.005822780620869694 	0.005871872449582902 	
-6.778309721543723 	2.225556164383561 	0.005869205666564157 	0.005840416666248366 	
-6.768304836345872 	2.2501479452054793 	0.006162798606897926 	0.0060430553846754585 	
-6.758299951148022 	2.2747397260273976 	0.006703644104971488 	0.006501269614782886 	
-6.74829506595017 	2.299331506849316 	0.0074333482824139 	0.007176467997966705 	
-6.738290180752321 	2.3239232876712324 	0.008249899240378007 	0.00797942899108205 	
-6.728285295554469 	2.3485150684931506 	0.009029970045513702 	0.008789898671964643 	
-6.71828041035662 	2.373106849315069 	0.009660252025943254 	0.009485245473034129 	
-6.7082755251587685 	2.397698630136987 	0.010073691113696236 	0.009977930181269514 	
-6.698270639960919 	2.4222904109589036 	0.01026837136265032 	0.010243673908799754 	
-6.6882657547630675 	2.446882191780822 	0.010291106272041578 	0.010316752562818172 	
-6.678260869565218 	2.47147397260274 	0.010200880012186574 	0.010255962915378626 	
-6.6682559843673666 	2.4960657534246584 	0.010049374159346418 	0.010115757311784497 	
-6.658251099169517 	2.520657534246575 	0.009893825571494489 	0.009949347239527307 	
-6.648246213971666 	2.545249315068493 	0.009815631072514692 	0.009829463674570306 	
-6.638241328773815 	2.5698410958904114 	0.009910215256860068 	0.009849649440564833 	
-6.628236443575965 	2.5944328767123297 	0.010249283061429297 	0.010093528927160741 	
-6.618231558378114 	2.619024657534246 	0.010847815647414523 	0.0105974502589222 	
-6.608226673180264 	2.6436164383561644 	0.011658780880306092 	0.011335686523958019 	
-6.598221787982413 	2.6682082191780827 	0.012590563279493072 	0.012231291146311257 	
-6.588216902784563 	2.692800000000001 	0.0135335915457521 	0.013179523319872662 	
-6.578212017586712 	2.7173917808219175 	0.014392053768317604 	0.014077065579752475 	
-6.568207132388862 	2.7419835616438357 	0.015117612512352111 	0.014855786788674944 	
-6.558202247191011 	2.766575342465754 	0.015729408682053712 	0.015510101975809413 	
-6.548197361993161 	2.7911671232876722 	0.01629843941867605 	0.016096040546826465 	
-6.53819247679531 	2.8157589041095887 	0.016891768567694462 	0.016688391201303568 	
-6.52818759159746 	2.840350684931507 	0.01750754655149141 	0.0173137104489401 	
-6.5181827063996085 	2.8649424657534253 	0.018053599193988915 	0.01790857173141422 	
-6.508177821201759 	2.8895342465753435 	0.01839581398746802 	0.018344652278420054 	
-6.4981729360039076 	2.91412602739726 	0.018440236491086805 	0.01850634958343264 	
-6.488168050806058 	2.9387178082191783 	0.018179729762434902 	0.018355776846276105 	
-6.478163165608207 	2.9633095890410965 	0.01767347145930391 	0.017934255780083716 	
-6.468158280410357 	2.987901369863015 	0.016993447093771315 	0.017314145022683556 	
-6.458153395212506 	3.0124931506849313 	0.016192990452129827 	0.01655584869800988 	
-6.448148510014656 	3.0370849315068495 	0.01531515160364673 	0.015703455054716143 	
-6.438143624816805 	3.061676712328768 	0.01441603917092881 	0.014805881374593297 	
-6.428138739618955 	3.086268493150686 	0.013574388997827718 	0.013932828915506765 	
-6.418133854421104 	3.1108602739726026 	0.012881971469562208 	0.013172010458498024 	
-6.408128969223254 	3.135452054794521 	0.01242499907595407 	0.012613574747787116 	
-6.398124084025403 	3.160043835616439 	0.012265177282273101 	0.012330893819608764 	
-6.388119198827552 	3.1846356164383556 	0.012424999075954025 	0.012363414349778886 	
-6.378114313629702 	3.209227397260274 	0.0128819714695622 	0.012706784134421696 	
-6.368109428431851 	3.233819178082192 	0.013574388997827685 	0.013314064090900808 	
-6.358104543234001 	3.2584109589041104 	0.014416039170928794 	0.014106895143408599 	
-6.34809965803615 	3.283002739726027 	0.015315151603646722 	0.014992796625144538 	
-6.3380947728383 	3.307594520547945 	0.0161929904521298 	0.01588521191649661 	
-6.328089887640449 	3.3321863013698634 	0.016993447093771305 	0.016719044072512512 	
-6.318085002442599 	3.3567780821917816 	0.01767347145930391 	0.017448991284087702 	
-6.3080801172447485 	3.381369863013698 	0.018179729762434895 	0.018027939707185324 	
-6.298075232046898 	3.4059616438356164 	0.018440236491086826 	0.018388570277138923 	
-6.2880703468490475 	3.4305534246575347 	0.018395813987468014 	0.018460552926089554 	
-6.278065461651197 	3.455145205479453 	0.018053599193988915 	0.018222411398574646 	
-6.268060576453346 	3.4797369863013694 	0.017507546551491407 	0.017740031813823567 	
-6.258055691255496 	3.5043287671232877 	0.016891768567694462 	0.017142745060895585 	
-6.248050806057645 	3.528920547945206 	0.016298439418676057 	0.016545797877915238 	
-6.238045920859795 	3.553512328767124 	0.015729408682053712 	0.015983212193633647 	
-6.228041035661945 	3.5781041095890407 	0.015117612512352099 	0.015404990910450448 	
-6.218036150464094 	3.602695890410959 	0.014392053768317628 	0.014732626755851023 	
-6.208031265266243 	3.627287671232877 	0.013533591545752087 	0.013923568992786338 	
-6.198026380068392 	3.6518794520547955 	0.012590563279493061 	0.01300247237733463 	
-6.188021494870542 	3.676471232876712 	0.011658780880306096 	0.012051967017309213 	
-6.178016609672691 	3.70106301369863 	0.010847815647414522 	0.011181508923145877 	
-6.168011724474841 	3.7256547945205485 	0.010249283061429306 	0.010493901585894505 	
-6.15800683927699 	3.7502465753424667 	0.009910215256860071 	0.010056024690281514 	
-6.14800195407914 	3.7748383561643832 	0.009815631072514692 	0.009876093065866709 	
-6.1379970688812895 	3.7994301369863015 	0.009893825571494494 	0.00989934385502844 	
-6.127992183683439 	3.8240219178082198 	0.010049374159346411 	0.01003336749647176 	
-6.1179872984855885 	3.848613698630138 	0.010200880012186577 	0.010189000717158649 	
-6.107982413287738 	3.8732054794520545 	0.010291106272041583 	0.010302229640715917 	
-6.097977528089888 	3.8977972602739728 	0.010268371362650318 	0.010322289837139818 	
-6.087972642892037 	3.922389041095891 	0.010073691113696237 	0.010192309950870651 	
-6.077967757694187 	3.9469808219178093 	0.009660252025943254 	0.009857493593420738 	
-6.067962872496336 	3.971572602739726 	0.009029970045513718 	0.009299693605929533 	
-6.057957987298486 	3.996164383561644 	0.008249899240378007 	0.008563548686043409 	
-6.047953102100635 	4.020756164383562 	0.007433348282413904 	0.0077487226511343404 	
-6.037948216902785 	4.045347945205481 	0.006703644104971495 	0.006977418481365411 	
-6.027943331704934 	4.069939726027397 	0.0061627986068979275 	0.006361155290606957 	
-6.017938446507084 	4.094531506849315 	0.005869205666564167 	0.005976138999943693 	
-6.007933561309233 	4.119123287671234 	0.005822780620869703 	0.005844512561762682 	
-5.997928676111383 	4.143715068493152 	0.005967991085990119 	0.005928522087578451 	
-5.987923790913532 	4.168306849315068 	0.006223736899232517 	0.006151344749190789 	
-5.977918905715682 	4.192898630136987 	0.00652407173075383 	0.00643805153749298 	
-5.9679140205178305 	4.217490410958905 	0.006840038673761605 	0.0067470681954924176 	
-5.95790913531998 	4.242082191780821 	0.007172921792826291 	0.007072122196285226 	
-5.9479042501221295 	4.26667397260274 	0.0075350760651560055 	0.007424366075309461 	
-5.937899364924279 	4.291265753424658 	0.00793421406194998 	0.007814469809128416 	
-5.927894479726429 	4.315857534246576 	0.008361880898354978 	0.008240255558954688 	
-5.917889594528578 	4.340449315068493 	0.008785116891590351 	0.008676702520765791 	
-5.907884709330728 	4.365041095890411 	0.009150605196742954 	0.009074345024957273 	
-5.897879824132877 	4.389632876712329 	0.009407655864546434 	0.009376708578329309 	
-5.887874938935027 	4.414224657534247 	0.009535683983694584 	0.009549953961212925 	
-5.877870053737176 	4.438816438356164 	0.009552276752127456 	0.009599821111032029 	
-5.867865168539326 	4.463408219178082 	0.00949681500176524 	0.009561746449336814 	
-5.857860283341475 	4.488 	0.009406442921069784 	0.009476610598789771 	
-5.847855398143625 	4.512591780821919 	0.009298565918085307 	0.00937054549825706 	
-5.837850512945774 	4.537183561643835 	0.009162308888965777 	0.009243543956762867 	
-5.827845627747924 	4.5617753424657534 	0.008964270712284702 	0.00906889533940493 	
-5.817840742550073 	4.586367123287672 	0.00867611244999025 	0.008812426155698355 	
-5.807835857352223 	4.61095890410959 	0.008312387325000135 	0.00846916643538017 	
-5.797830972154372 	4.6355506849315065 	0.007949192157383083 	0.008092145689638841 	
-5.787826086956522 	4.660142465753425 	0.007707660804260014 	0.007789242672143807 	
-5.777821201758671 	4.684734246575343 	0.007714259530781687 	0.007690265579595054 	
-5.767816316560821 	4.709326027397261 	0.00805848022700563 	0.007903378419355341 	
-5.7578114313629705 	4.733917808219178 	0.008761470664077432 	0.008477234486279323 	
-5.74780654616512 	4.758509589041096 	0.009766925270779232 	0.00938191829401601 	
-5.7378016609672695 	4.783101369863014 	0.010961937085264238 	0.010520011862581625 	
-5.727796775769419 	4.8076931506849325 	0.012218171032003695 	0.011764149541094353 	
-5.717791890571568 	4.832284931506849 	0.013429244756330571 	0.01299836279799791 	
-5.707787005373717 	4.856876712328767 	0.01452887108233267 	0.014142325483814935 	
-5.697782120175867 	4.8814684931506855 	0.015492505256913666 	0.015157047357519961 	
-5.687777234978016 	4.906060273972604 	0.016328046174675787 	0.01603937035275642 	
-5.677772349780166 	4.93065205479452 	0.0170563656014277 	0.016806524391366647 	
-5.667767464582315 	4.9552438356164386 	0.017691126263985182 	0.01747516285165939 	
-5.657762579384465 	4.979835616438357 	0.018235110382505023 	0.018051197890328368 	
-5.647757694186614 	5.004427397260275 	0.01869261079743146 	0.018538189195202046 	
-5.637752808988764 	5.029019178082192 	0.019076674635485968 	0.018947674111857063 	
-5.627747923790913 	5.05361095890411 	0.019402708760552966 	0.01929549090255707 	
-5.617743038593063 	5.078202739726028 	0.019686387951869694 	0.01959557338375105 	
-5.607738153395212 	5.102794520547946 	0.019956886794724515 	0.019869304399548305 	
-5.597733268197362 	5.127386301369863 	0.0202648455219666 	0.020159502896052423 	
-5.5877283829995115 	5.151978082191781 	0.020661922299274264 	0.02052087704839827 	
-5.577723497801661 	5.176569863013699 	0.021166078536689618 	0.020986470877940706 	
-5.5677186126038105 	5.201161643835618 	0.02175090343737682 	0.021545094528310948 	
-5.55771372740596 	5.225753424657534 	0.022371298930112294 	0.02215534607904401 	
-5.54770884220811 	5.250345205479452 	0.02299709870583936 	0.022779653260625973 	
-5.537703957010259 	5.274936986301371 	0.023625003359335543 	0.023404699377958516 	
-5.527699071812409 	5.299528767123287 	0.024271578502924624 	0.024039826124408938 	
-5.517694186614558 	5.324120547945205 	0.024965948982066728 	0.02470966702903147 	
-5.507689301416708 	5.348712328767124 	0.025744783230695106 	0.025449590803848142 	
-5.497684416218857 	5.373304109589042 	0.02663837173732692 	0.026295071110440767 	
-5.487679531021007 	5.397895890410958 	0.027647797033288287 	0.027260353611923215 	
-5.477674645823155 	5.422487671232877 	0.028729380843555506 	0.0283188404123043 	
-5.467669760625305 	5.447079452054795 	0.02980079352261416 	0.029401053235351495 	
-5.457664875427454 	5.471671232876713 	0.03077010352010476 	0.03041522970571093 	
-5.447659990229604 	5.49626301369863 	0.03157847584696275 	0.03128550195184481 	
-5.437655105031753 	5.520854794520548 	0.03223861681901111 	0.03199429458808198 	
-5.427650219833903 	5.545446575342466 	0.032845736566076325 	0.032606519437122526 	
-5.4176453346360525 	5.5700383561643845 	0.03354817727510187 	0.03325570435715988 	
-5.407640449438202 	5.594630136986301 	0.03449110091430363 	0.03409480814290118 	
-5.3976355642403515 	5.619221917808219 	0.03576586392538164 	0.03523941773996863 	
-5.387630679042501 	5.6438136986301375 	0.03739295659257807 	0.03673539579457761 	
-5.377625793844651 	5.668405479452056 	0.03934527803929916 	0.03856735585990179 	
-5.3676209086468 	5.692997260273972 	0.041593988614884045 	0.04070023189762723 	
-5.35761602344895 	5.7175890410958905 	0.04414291717349415 	0.043123210037192355 	
-5.347611138251099 	5.742180821917809 	0.04702809242476106 	0.04586323653742063 	
-5.337606253053249 	5.766772602739727 	0.050295166232435046 	0.04896630765163671 	
-5.327601367855398 	5.7913643835616435 	0.05399077097534838 	0.052479036552196295 	
-5.317596482657548 	5.815956164383562 	0.05818602044427509 	0.05645997299790641 	
-5.307591597459697 	5.84054794520548 	0.06301386721325804 	0.061015259087831085 	
-5.297586712261847 	5.865139726027398 	0.06868795856362526 	0.06632741611865044 	
-5.287581827063996 	5.889731506849315 	0.07549086348789569 	0.07265454780460343 	
-5.277576941866146 	5.914323287671233 	0.08375049513227743 	0.08030811035454137 	
-5.267572056668295 	5.938915068493151 	0.09383307221669869 	0.08963758193989793 	
-5.257567171470445 	5.96350684931507 	0.1061629795179106 	0.10104077597224258 	
-5.247562286272594 	5.988098630136986 	0.12125964099689529 	0.11499578806234073 	
-5.237557401074743 	6.012690410958904 	0.1397798241779322 	0.1321014682817017 	
-5.2275525158768925 	6.037282191780823 	0.16256744171745524 	0.15312290664539316 	
-5.217547630679042 	6.061873972602741 	0.19072624754856876 	0.1790556737879537 	
-5.207542745481192 	6.086465753424657 	0.2257121899505833 	0.21121768831093612 	
-5.197537860283341 	6.111057534246576 	0.26939771535302054 	0.2513256833157953 	
-5.187532975085491 	6.135649315068494 	0.324138262977527 	0.30152877183719723 	
-5.17752808988764 	6.160241095890412 	0.3930744424249134 	0.3646006574293354 	
-5.16752320468979 	6.184832876712329 	0.4804920155620167 	0.44444151595340314 	
-5.157518319491939 	6.209424657534247 	0.5903988028915751 	0.545696552879535 	
-5.147513434294089 	6.234016438356165 	0.7207176680283927 	0.6696360325715105 	
-5.137508549096238 	6.258608219178083 	0.8548256105287937 	0.8057447219298015 	
-5.127503663898388 	6.2832 	0.9597891485999293 	0.9261027722672613 	
-5.117498778700537 	- 	- 	- 	
-5.107493893502687 	- 	- 	- 	
-5.097489008304836 	- 	- 	- 	
-5.087484123106986 	- 	- 	- 	
-5.077479237909135 	- 	- 	- 	
-5.067474352711285 	- 	- 	- 	
-5.057469467513434 	- 	- 	- 	
-5.047464582315584 	- 	- 	- 	
-5.0374596971177334 	- 	- 	- 	
-5.027454811919883 	- 	- 	- 	
-5.0174499267220325 	- 	- 	- 	
-5.007445041524182 	- 	- 	- 	
-4.9974401563263315 	- 	- 	- 	
-4.98743527112848 	- 	- 	- 	
-4.97743038593063 	- 	- 	- 	
-4.967425500732779 	- 	- 	- 	
-4.957420615534929 	- 	- 	- 	
-4.947415730337078 	- 	- 	- 	
-4.937410845139228 	- 	- 	- 	
-4.927405959941377 	- 	- 	- 	
-4.917401074743527 	- 	- 	- 	
-4.907396189545676 	- 	- 	- 	
-4.897391304347826 	- 	- 	- 	
-4.887386419149975 	- 	- 	- 	
-4.877381533952125 	- 	- 	- 	
-4.8673766487542744 	- 	- 	- 	
-4.857371763556424 	- 	- 	- 	
-4.8473668783585735 	- 	- 	- 	
-4.837361993160723 	- 	- 	- 	
-4.8273571079628725 	- 	- 	- 	
-4.817352222765022 	- 	- 	- 	
-4.807347337567172 	- 	- 	- 	
-4.797342452369321 	- 	- 	- 	
-4.787337567171471 	- 	- 	- 	
-4.77733268197362 	- 	- 	- 	
-4.76732779677577 	- 	- 	- 	
-4.757322911577919 	- 	- 	- 	
-4.747318026380068 	- 	- 	- 	
-4.737313141182217 	- 	- 	- 	
-4.727308255984367 	- 	- 	- 	
-4.717303370786516 	- 	- 	- 	
-4.707298485588666 	- 	- 	- 	
-4.6972936003908154 	- 	- 	- 	
-4.687288715192965 	- 	- 	- 	
-4.6772838299951145 	- 	- 	- 	
-4.667278944797264 	- 	- 	- 	
-4.6572740595994135 	- 	- 	- 	
-4.647269174401563 	- 	- 	- 	
-4.637264289203713 	- 	- 	- 	
-4.627259404005862 	- 	- 	- 	
-4.617254518808012 	- 	- 	- 	
-4.607249633610161 	- 	- 	- 	
-4.597244748412311 	- 	- 	- 	
-4.58723986321446 	- 	- 	- 	
-4.57723497801661 	- 	- 	- 	
-4.567230092818759 	- 	- 	- 	
-4.557225207620909 	- 	- 	- 	
-4.547220322423058 	- 	- 	- 	
-4.537215437225208 	- 	- 	- 	
-4.527210552027357 	- 	- 	- 	
-4.517205666829507 	- 	- 	- 	
-4.5072007816316555 	- 	- 	- 	
-4.497195896433805 	- 	- 	- 	
-4.4871910112359545 	- 	- 	- 	
-4.477186126038104 	- 	- 	- 	
-4.467181240840254 	- 	- 	- 	
-4.457176355642403 	- 	- 	- 	
-4.447171470444553 	- 	- 	- 	
-4.437166585246702 	- 	- 	- 	
-4.427161700048852 	- 	- 	- 	
-4.417156814851001 	- 	- 	- 	
-4.407151929653151 	- 	- 	- 	
-4.3971470444553 	- 	- 	- 	
-4.38714215925745 	- 	- 	- 	
-4.377137274059599 	- 	- 	- 	
-4.367132388861749 	- 	- 	- 	
-4.357127503663898 	- 	- 	- 	
-4.347122618466048 	- 	- 	- 	
-4.337117733268197 	- 	- 	- 	
-4.327112848070347 	- 	- 	- 	
-4.317107962872496 	- 	- 	- 	
-4.307103077674646 	- 	- 	- 	
-4.2970981924767955 	- 	- 	- 	
-4.287093307278945 	- 	- 	- 	
-4.2770884220810945 	- 	- 	- 	
-4.267083536883244 	- 	- 	- 	
-4.257078651685393 	- 	- 	- 	
-4.247073766487542 	- 	- 	- 	
-4.237068881289692 	- 	- 	- 	
-4.227063996091841 	- 	- 	- 	
-4.217059110893991 	- 	- 	- 	
-4.20705422569614 	- 	- 	- 	
-4.19704934049829 	- 	- 	- 	
-4.187044455300439 	- 	- 	- 	
-4.177039570102589 	- 	- 	- 	
-4.167034684904738 	- 	- 	- 	
-4.157029799706888 	- 	- 	- 	
-4.147024914509037 	- 	- 	- 	
-4.137020029311187 	- 	- 	- 	
-4.1270151441133365 	- 	- 	- 	
-4.117010258915486 	- 	- 	- 	
-4.1070053737176355 	- 	- 	- 	
-4.097000488519785 	- 	- 	- 	
-4.086995603321935 	- 	- 	- 	
-4.076990718124084 	- 	- 	- 	
-4.066985832926234 	- 	- 	- 	
-4.056980947728383 	- 	- 	- 	
-4.046976062530533 	- 	- 	- 	
-4.036971177332682 	- 	- 	- 	
-4.026966292134832 	- 	- 	- 	
-4.01696140693698 	- 	- 	- 	
-4.00695652173913 	- 	- 	- 	
-3.9969516365412794 	- 	- 	- 	
-3.986946751343429 	- 	- 	- 	
-3.9769418661455784 	- 	- 	- 	
-3.966936980947728 	- 	- 	- 	
-3.9569320957498775 	- 	- 	- 	
-3.946927210552027 	- 	- 	- 	
-3.9369223253541765 	- 	- 	- 	
-3.926917440156326 	- 	- 	- 	
-3.9169125549584756 	- 	- 	- 	
-3.906907669760625 	- 	- 	- 	
-3.8969027845627746 	- 	- 	- 	
-3.886897899364924 	- 	- 	- 	
-3.8768930141670737 	- 	- 	- 	
-3.866888128969223 	- 	- 	- 	
-3.8568832437713727 	- 	- 	- 	
-3.8468783585735222 	- 	- 	- 	
-3.8368734733756718 	- 	- 	- 	
-3.8268685881778213 	- 	- 	- 	
-3.816863702979971 	- 	- 	- 	
-3.8068588177821203 	- 	- 	- 	
-3.79685393258427 	- 	- 	- 	
-3.7868490473864194 	- 	- 	- 	
-3.776844162188569 	- 	- 	- 	
-3.7668392769907175 	- 	- 	- 	
-3.756834391792867 	- 	- 	- 	
-3.7468295065950166 	- 	- 	- 	
-3.736824621397166 	- 	- 	- 	
-3.7268197361993156 	- 	- 	- 	
-3.716814851001465 	- 	- 	- 	
-3.7068099658036147 	- 	- 	- 	
-3.696805080605764 	- 	- 	- 	
-3.6868001954079137 	- 	- 	- 	
-3.6767953102100632 	- 	- 	- 	
-3.6667904250122128 	- 	- 	- 	
-3.6567855398143623 	- 	- 	- 	
-3.646780654616512 	- 	- 	- 	
-3.6367757694186613 	- 	- 	- 	
-3.626770884220811 	- 	- 	- 	
-3.6167659990229604 	- 	- 	- 	
-3.60676111382511 	- 	- 	- 	
-3.5967562286272594 	- 	- 	- 	
-3.586751343429409 	- 	- 	- 	
-3.5767464582315585 	- 	- 	- 	
-3.566741573033708 	- 	- 	- 	
-3.5567366878358575 	- 	- 	- 	
-3.546731802638007 	- 	- 	- 	
-3.5367269174401565 	- 	- 	- 	
-3.526722032242305 	- 	- 	- 	
-3.5167171470444547 	- 	- 	- 	
-3.5067122618466042 	- 	- 	- 	
-3.4967073766487538 	- 	- 	- 	
-3.4867024914509033 	- 	- 	- 	
-3.476697606253053 	- 	- 	- 	
-3.4666927210552023 	- 	- 	- 	
-3.456687835857352 	- 	- 	- 	
-3.4466829506595014 	- 	- 	- 	
-3.436678065461651 	- 	- 	- 	
-3.4266731802638004 	- 	- 	- 	
-3.41666829506595 	- 	- 	- 	
-3.4066634098680995 	- 	- 	- 	
-3.396658524670249 	- 	- 	- 	
-3.3866536394723985 	- 	- 	- 	
-3.376648754274548 	- 	- 	- 	
-3.3666438690766975 	- 	- 	- 	
-3.356638983878847 	- 	- 	- 	
-3.3466340986809966 	- 	- 	- 	
-3.336629213483146 	- 	- 	- 	
-3.3266243282852956 	- 	- 	- 	
-3.316619443087445 	- 	- 	- 	
-3.3066145578895947 	- 	- 	- 	
-3.296609672691744 	- 	- 	- 	
-3.286604787493893 	- 	- 	- 	
-3.2765999022960424 	- 	- 	- 	
-3.266595017098192 	- 	- 	- 	
-3.2565901319003414 	- 	- 	- 	
-3.246585246702491 	- 	- 	- 	
-3.2365803615046405 	- 	- 	- 	
-3.22657547630679 	- 	- 	- 	
-3.2165705911089395 	- 	- 	- 	
-3.206565705911089 	- 	- 	- 	
-3.1965608207132385 	- 	- 	- 	
-3.186555935515388 	- 	- 	- 	
-3.1765510503175376 	- 	- 	- 	
-3.166546165119687 	- 	- 	- 	
-3.1565412799218366 	- 	- 	- 	
-3.146536394723986 	- 	- 	- 	
-3.1365315095261357 	- 	- 	- 	
-3.126526624328285 	- 	- 	- 	
-3.1165217391304347 	- 	- 	- 	
-3.1065168539325843 	- 	- 	- 	
-3.0965119687347338 	- 	- 	- 	
-3.0865070835368833 	- 	- 	- 	
-3.076502198339033 	- 	- 	- 	
-3.0664973131411823 	- 	- 	- 	
-3.056492427943332 	- 	- 	- 	
-3.0464875427454814 	- 	- 	- 	
-3.03648265754763 	- 	- 	- 	
-3.0264777723497795 	- 	- 	- 	
-3.016472887151929 	- 	- 	- 	
-3.0064680019540786 	- 	- 	- 	
-2.996463116756228 	- 	- 	- 	
-2.9864582315583776 	- 	- 	- 	
-2.976453346360527 	- 	- 	- 	
-2.9664484611626767 	- 	- 	- 	
-2.956443575964826 	- 	- 	- 	
-2.9464386907669757 	- 	- 	- 	
-2.9364338055691253 	- 	- 	- 	
-2.9264289203712748 	- 	- 	- 	
-2.9164240351734243 	- 	- 	- 	
-2.906419149975574 	- 	- 	- 	
-2.8964142647777233 	- 	- 	- 	
-2.886409379579873 	- 	- 	- 	
-2.8764044943820224 	- 	- 	- 	
-2.866399609184172 	- 	- 	- 	
-2.8563947239863214 	- 	- 	- 	
-2.846389838788471 	- 	- 	- 	
-2.8363849535906205 	- 	- 	- 	
-2.82638006839277 	- 	- 	- 	
-2.8163751831949195 	- 	- 	- 	
-2.806370297997069 	- 	- 	- 	
-2.7963654127992177 	- 	- 	- 	
-2.786360527601367 	- 	- 	- 	
-2.7763556424035167 	- 	- 	- 	
-2.7663507572056663 	- 	- 	- 	
-2.756345872007816 	- 	- 	- 	
-2.7463409868099653 	- 	- 	- 	
-2.736336101612115 	- 	- 	- 	
-2.7263312164142643 	- 	- 	- 	
-2.716326331216414 	- 	- 	- 	
-2.7063214460185634 	- 	- 	- 	
-2.696316560820713 	- 	- 	- 	
-2.6863116756228624 	- 	- 	- 	
-2.676306790425012 	- 	- 	- 	
-2.6663019052271615 	- 	- 	- 	
-2.656297020029311 	- 	- 	- 	
-2.6462921348314605 	- 	- 	- 	
-2.63628724963361 	- 	- 	- 	
-2.6262823644357596 	- 	- 	- 	
-2.616277479237909 	- 	- 	- 	
-2.6062725940400586 	- 	- 	- 	
-2.596267708842208 	- 	- 	- 	
-2.5862628236443577 	- 	- 	- 	
-2.576257938446507 	- 	- 	- 	
-2.5662530532486567 	- 	- 	- 	
-2.5562481680508053 	- 	- 	- 	
-2.546243282852955 	- 	- 	- 	
-2.5362383976551044 	- 	- 	- 	
-2.526233512457254 	- 	- 	- 	
-2.5162286272594034 	- 	- 	- 	
-2.506223742061553 	- 	- 	- 	
-2.4962188568637025 	- 	- 	- 	
-2.486213971665852 	- 	- 	- 	
-2.4762090864680015 	- 	- 	- 	
-2.466204201270151 	- 	- 	- 	
-2.4561993160723006 	- 	- 	- 	
-2.44619443087445 	- 	- 	- 	
-2.4361895456765996 	- 	- 	- 	
-2.426184660478749 	- 	- 	- 	
-2.4161797752808987 	- 	- 	- 	
-2.406174890083048 	- 	- 	- 	
-2.3961700048851977 	- 	- 	- 	
-2.3861651196873472 	- 	- 	- 	
-2.3761602344894968 	- 	- 	- 	
-2.3661553492916463 	- 	- 	- 	
-2.356150464093796 	- 	- 	- 	
-2.3461455788959453 	- 	- 	- 	
-2.336140693698095 	- 	- 	- 	
-2.3261358085002444 	- 	- 	- 	
-2.316130923302394 	- 	- 	- 	
-2.3061260381045425 	- 	- 	- 	
-2.296121152906692 	- 	- 	- 	
-2.2861162677088416 	- 	- 	- 	
-2.276111382510991 	- 	- 	- 	
-2.2661064973131406 	- 	- 	- 	
-2.25610161211529 	- 	- 	- 	
-2.2460967269174397 	- 	- 	- 	
-2.23609184171959 	- 	- 	- 	
-2.2260869565217387 	- 	- 	- 	
-2.216082071323889 	- 	- 	- 	
-2.2060771861260378 	- 	- 	- 	
-2.196072300928188 	- 	- 	- 	
-2.186067415730337 	- 	- 	- 	
-2.1760625305324854 	- 	- 	- 	
-2.166057645334636 	- 	- 	- 	
-2.1560527601367845 	- 	- 	- 	
-2.146047874938935 	- 	- 	- 	
-2.1360429897410835 	- 	- 	- 	
-2.126038104543234 	- 	- 	- 	
-2.1160332193453826 	- 	- 	- 	
-2.106028334147533 	- 	- 	- 	
-2.0960234489496816 	- 	- 	- 	
-2.086018563751832 	- 	- 	- 	
-2.0760136785539807 	- 	- 	- 	
-2.066008793356131 	- 	- 	- 	
-2.0560039081582797 	- 	- 	- 	
-2.04599902296043 	- 	- 	- 	
-2.0359941377625788 	- 	- 	- 	
-2.025989252564729 	- 	- 	- 	
-2.015984367366878 	- 	- 	- 	
-2.005979482169028 	- 	- 	- 	
-1.9959745969711769 	- 	- 	- 	
-1.9859697117733273 	- 	- 	- 	
-1.975964826575476 	- 	- 	- 	
-1.9659599413776263 	- 	- 	- 	
-1.955955056179775 	- 	- 	- 	
-1.9459501709819236 	- 	- 	- 	
-1.935945285784074 	- 	- 	- 	
-1.9259404005862226 	- 	- 	- 	
-1.915935515388373 	- 	- 	- 	
-1.9059306301905217 	- 	- 	- 	
-1.895925744992672 	- 	- 	- 	
-1.8859208597948207 	- 	- 	- 	
-1.8759159745969711 	- 	- 	- 	
-1.8659110893991198 	- 	- 	- 	
-1.8559062042012702 	- 	- 	- 	
-1.8459013190034188 	- 	- 	- 	
-1.8358964338055692 	- 	- 	- 	
-1.8258915486077179 	- 	- 	- 	
-1.8158866634098683 	- 	- 	- 	
-1.805881778212017 	- 	- 	- 	
-1.7958768930141673 	- 	- 	- 	
-1.785872007816316 	- 	- 	- 	
-1.7758671226184664 	- 	- 	- 	
-1.765862237420615 	- 	- 	- 	
-1.7558573522227654 	- 	- 	- 	
-1.745852467024914 	- 	- 	- 	
-1.7358475818270644 	- 	- 	- 	
-1.725842696629213 	- 	- 	- 	
-1.7158378114313635 	- 	- 	- 	
-1.7058329262335121 	- 	- 	- 	
-1.6958280410356608 	- 	- 	- 	
-1.6858231558378112 	- 	- 	- 	
-1.6758182706399598 	- 	- 	- 	
-1.6658133854421102 	- 	- 	- 	
-1.6558085002442589 	- 	- 	- 	
-1.6458036150464093 	- 	- 	- 	
-1.635798729848558 	- 	- 	- 	
-1.6257938446507083 	- 	- 	- 	
-1.615788959452857 	- 	- 	- 	
-1.6057840742550074 	- 	- 	- 	
-1.595779189057156 	- 	- 	- 	
-1.5857743038593064 	- 	- 	- 	
-1.575769418661455 	- 	- 	- 	
-1.5657645334636054 	- 	- 	- 	
-1.555759648265754 	- 	- 	- 	
-1.5457547630679045 	- 	- 	- 	
-1.5357498778700531 	- 	- 	- 	
-1.5257449926722035 	- 	- 	- 	
-1.5157401074743522 	- 	- 	- 	
-1.5057352222765026 	- 	- 	- 	
-1.4957303370786512 	- 	- 	- 	
-1.4857254518808016 	- 	- 	- 	
-1.4757205666829503 	- 	- 	- 	
-1.4657156814851007 	- 	- 	- 	
-1.4557107962872493 	- 	- 	- 	
-1.445705911089398 	- 	- 	- 	
-1.4357010258915484 	- 	- 	- 	
-1.425696140693697 	- 	- 	- 	
-1.4156912554958474 	- 	- 	- 	
-1.405686370297996 	- 	- 	- 	
-1.3956814851001464 	- 	- 	- 	
-1.385676599902295 	- 	- 	- 	
-1.3756717147044455 	- 	- 	- 	
-1.3656668295065941 	- 	- 	- 	
-1.3556619443087445 	- 	- 	- 	
-1.3456570591108932 	- 	- 	- 	
-1.3356521739130436 	- 	- 	- 	
-1.3256472887151922 	- 	- 	- 	
-1.3156424035173426 	- 	- 	- 	
-1.3056375183194913 	- 	- 	- 	
-1.2956326331216417 	- 	- 	- 	
-1.2856277479237903 	- 	- 	- 	
-1.2756228627259407 	- 	- 	- 	
-1.2656179775280894 	- 	- 	- 	
-1.2556130923302398 	- 	- 	- 	
-1.2456082071323884 	- 	- 	- 	
-1.2356033219345388 	- 	- 	- 	
-1.2255984367366874 	- 	- 	- 	
-1.2155935515388379 	- 	- 	- 	
-1.2055886663409865 	- 	- 	- 	
-1.1955837811431351 	- 	- 	- 	
-1.1855788959452855 	- 	- 	- 	
-1.1755740107474342 	- 	- 	- 	
-1.1655691255495846 	- 	- 	- 	
-1.1555642403517332 	- 	- 	- 	
-1.1455593551538836 	- 	- 	- 	
-1.1355544699560323 	- 	- 	- 	
-1.1255495847581827 	- 	- 	- 	
-1.1155446995603313 	- 	- 	- 	
-1.1055398143624817 	- 	- 	- 	
-1.0955349291646304 	- 	- 	- 	
-1.0855300439667808 	- 	- 	- 	
-1.0755251587689294 	- 	- 	- 	
-1.0655202735710798 	- 	- 	- 	
-1.0555153883732284 	- 	- 	- 	
-1.0455105031753789 	- 	- 	- 	
-1.0355056179775275 	- 	- 	- 	
-1.025500732779678 	- 	- 	- 	
-1.0154958475818265 	- 	- 	- 	
-1.005490962383977 	- 	- 	- 	
-0.9954860771861256 	- 	- 	- 	
-0.985481191988276 	- 	- 	- 	
-0.9754763067904246 	- 	- 	- 	
-0.9654714215925733 	- 	- 	- 	
-0.9554665363947237 	- 	- 	- 	
-0.9454616511968723 	- 	- 	- 	
-0.9354567659990227 	- 	- 	- 	
-0.9254518808011714 	- 	- 	- 	
-0.9154469956033218 	- 	- 	- 	
-0.9054421104054704 	- 	- 	- 	
-0.8954372252076208 	- 	- 	- 	
-0.8854323400097694 	- 	- 	- 	
-0.8754274548119199 	- 	- 	- 	
-0.8654225696140685 	- 	- 	- 	
-0.8554176844162189 	- 	- 	- 	
-0.8454127992183675 	- 	- 	- 	
-0.835407914020518 	- 	- 	- 	
-0.8254030288226666 	- 	- 	- 	
-0.815398143624817 	- 	- 	- 	
-0.8053932584269656 	- 	- 	- 	
-0.795388373229116 	- 	- 	- 	
-0.7853834880312647 	- 	- 	- 	
-0.7753786028334151 	- 	- 	- 	
-0.7653737176355637 	- 	- 	- 	
-0.7553688324377141 	- 	- 	- 	
-0.7453639472398628 	- 	- 	- 	
-0.7353590620420132 	- 	- 	- 	
-0.7253541768441618 	- 	- 	- 	
-0.7153492916463104 	- 	- 	- 	
-0.7053444064484609 	- 	- 	- 	
-0.6953395212506095 	- 	- 	- 	
-0.6853346360527599 	- 	- 	- 	
-0.6753297508549085 	- 	- 	- 	
-0.665324865657059 	- 	- 	- 	
-0.6553199804592076 	- 	- 	- 	
-0.645315095261358 	- 	- 	- 	
-0.6353102100635066 	- 	- 	- 	
-0.625305324865657 	- 	- 	- 	
-0.6153004396678057 	- 	- 	- 	
-0.6052955544699561 	- 	- 	- 	
-0.5952906692721047 	- 	- 	- 	
-0.5852857840742551 	- 	- 	- 	
-0.5752808988764038 	- 	- 	- 	
-0.5652760136785542 	- 	- 	- 	
-0.5552711284807028 	- 	- 	- 	
-0.5452662432828532 	- 	- 	- 	
-0.5352613580850019 	- 	- 	- 	
-0.5252564728871523 	- 	- 	- 	
-0.5152515876893009 	- 	- 	- 	
-0.5052467024914513 	- 	- 	- 	
-0.49524181729359995 	- 	- 	- 	
-0.48523693209575036 	- 	- 	- 	
-0.475232046897899 	- 	- 	- 	
-0.46522716170004763 	- 	- 	- 	
-0.45522227650219804 	- 	- 	- 	
-0.4452173913043467 	- 	- 	- 	
-0.4352125061064971 	- 	- 	- 	
-0.4252076209086457 	- 	- 	- 	
-0.41520273571079613 	- 	- 	- 	
-0.40519785051294477 	- 	- 	- 	
-0.3951929653150952 	- 	- 	- 	
-0.3851880801172438 	- 	- 	- 	
-0.3751831949193942 	- 	- 	- 	
-0.36517830972154286 	- 	- 	- 	
-0.35517342452369327 	- 	- 	- 	
-0.3451685393258419 	- 	- 	- 	
-0.3351636541279923 	- 	- 	- 	
-0.32515876893014095 	- 	- 	- 	
-0.31515388373229136 	- 	- 	- 	
-0.30514899853444 	- 	- 	- 	
-0.2951441133365904 	- 	- 	- 	
-0.28513922813873904 	- 	- 	- 	
-0.27513434294088945 	- 	- 	- 	
-0.2651294577430381 	- 	- 	- 	
-0.2551245725451885 	- 	- 	- 	
-0.24511968734733713 	- 	- 	- 	
-0.23511480214948577 	- 	- 	- 	
-0.22510991695163618 	- 	- 	- 	
-0.21510503175378481 	- 	- 	- 	
-0.20510014655593523 	- 	- 	- 	
-0.19509526135808386 	- 	- 	- 	
-0.18509037616023427 	- 	- 	- 	
-0.1750854909623829 	- 	- 	- 	
-0.16508060576453332 	- 	- 	- 	
-0.15507572056668195 	- 	- 	- 	
-0.14507083536883236 	- 	- 	- 	
-0.135065950170981 	- 	- 	- 	
-0.1250610649731314 	- 	- 	- 	
-0.11505617977528004 	- 	- 	- 	
-0.10505129457743045 	- 	- 	- 	
-0.09504640937957909 	- 	- 	- 	
-0.0850415241817295 	- 	- 	- 	
-0.07503663898387813 	- 	- 	- 	
-0.06503175378602855 	- 	- 	- 	
-0.05502686858817718 	- 	- 	- 	
-0.04502198339032759 	- 	- 	- 	
-0.035017098192476226 	- 	- 	- 	
-0.025012212994626637 	- 	- 	- 	
-0.015007327796775272 	- 	- 	- 	
-0.005002442598925683 	- 	- 	- 	
0.005002442598925683 	- 	- 	- 	
0.015007327796777048 	- 	- 	- 	
0.025012212994626637 	- 	- 	- 	
0.035017098192478 	- 	- 	- 	
0.04502198339032759 	- 	- 	- 	
0.05502686858817896 	- 	- 	- 	
0.06503175378602855 	- 	- 	- 	
0.07503663898387991 	- 	- 	- 	
0.0850415241817295 	- 	- 	- 	
0.09504640937958087 	- 	- 	- 	
0.10505129457743045 	- 	- 	- 	
0.11505617977528182 	- 	- 	- 	
0.1250610649731314 	- 	- 	- 	
0.13506595017098277 	- 	- 	- 	
0.14507083536883236 	- 	- 	- 	
0.15507572056668373 	- 	- 	- 	
0.16508060576453332 	- 	- 	- 	
0.17508549096238468 	- 	- 	- 	
0.18509037616023427 	- 	- 	- 	
0.19509526135808564 	- 	- 	- 	
0.20510014655593523 	- 	- 	- 	
0.2151050317537866 	- 	- 	- 	
0.22510991695163618 	- 	- 	- 	
0.23511480214948755 	- 	- 	- 	
0.24511968734733713 	- 	- 	- 	
0.2551245725451885 	- 	- 	- 	
0.26512945774303986 	- 	- 	- 	
0.27513434294088945 	- 	- 	- 	
0.2851392281387408 	- 	- 	- 	
0.2951441133365904 	- 	- 	- 	
0.3051489985344418 	- 	- 	- 	
0.31515388373229136 	- 	- 	- 	
0.3251587689301427 	- 	- 	- 	
0.3351636541279923 	- 	- 	- 	
0.3451685393258437 	- 	- 	- 	
0.35517342452369327 	- 	- 	- 	
0.36517830972154464 	- 	- 	- 	
0.3751831949193942 	- 	- 	- 	
0.3851880801172456 	- 	- 	- 	
0.3951929653150952 	- 	- 	- 	
0.40519785051294654 	- 	- 	- 	
0.41520273571079613 	- 	- 	- 	
0.4252076209086475 	- 	- 	- 	
0.4352125061064971 	- 	- 	- 	
0.44521739130434845 	- 	- 	- 	
0.45522227650219804 	- 	- 	- 	
0.4652271617000494 	- 	- 	- 	
0.475232046897899 	- 	- 	- 	
0.48523693209575036 	- 	- 	- 	
0.4952418172936017 	- 	- 	- 	
0.5052467024914513 	- 	- 	- 	
0.5152515876893027 	- 	- 	- 	
0.5252564728871523 	- 	- 	- 	
0.5352613580850036 	- 	- 	- 	
0.5452662432828532 	- 	- 	- 	
0.5552711284807046 	- 	- 	- 	
0.5652760136785542 	- 	- 	- 	
0.5752808988764055 	- 	- 	- 	
0.5852857840742551 	- 	- 	- 	
0.5952906692721065 	- 	- 	- 	
0.6052955544699561 	- 	- 	- 	
0.6153004396678075 	- 	- 	- 	
0.625305324865657 	- 	- 	- 	
0.6353102100635084 	- 	- 	- 	
0.645315095261358 	- 	- 	- 	
0.6553199804592094 	- 	- 	- 	
0.665324865657059 	- 	- 	- 	
0.6753297508549103 	- 	- 	- 	
0.6853346360527599 	- 	- 	- 	
0.6953395212506113 	- 	- 	- 	
0.7053444064484609 	- 	- 	- 	
0.7153492916463122 	- 	- 	- 	
0.7253541768441618 	- 	- 	- 	
0.7353590620420132 	- 	- 	- 	
0.7453639472398645 	- 	- 	- 	
0.7553688324377141 	- 	- 	- 	
0.7653737176355655 	- 	- 	- 	
0.7753786028334151 	- 	- 	- 	
0.7853834880312665 	- 	- 	- 	
0.795388373229116 	- 	- 	- 	
0.8053932584269674 	- 	- 	- 	
0.815398143624817 	- 	- 	- 	
0.8254030288226684 	- 	- 	- 	
0.835407914020518 	- 	- 	- 	
0.8454127992183693 	- 	- 	- 	
0.8554176844162189 	- 	- 	- 	
0.8654225696140703 	- 	- 	- 	
0.8754274548119199 	- 	- 	- 	
0.8854323400097712 	- 	- 	- 	
0.8954372252076208 	- 	- 	- 	
0.9054421104054722 	- 	- 	- 	
0.9154469956033218 	- 	- 	- 	
0.9254518808011731 	- 	- 	- 	
0.9354567659990227 	- 	- 	- 	
0.9454616511968741 	- 	- 	- 	
0.9554665363947237 	- 	- 	- 	
0.965471421592575 	- 	- 	- 	
0.9754763067904246 	- 	- 	- 	
0.985481191988276 	- 	- 	- 	
0.9954860771861274 	- 	- 	- 	
1.005490962383977 	- 	- 	- 	
1.0154958475818283 	- 	- 	- 	
1.025500732779678 	- 	- 	- 	
1.0355056179775293 	- 	- 	- 	
1.0455105031753789 	- 	- 	- 	
1.0555153883732302 	- 	- 	- 	
1.0655202735710798 	- 	- 	- 	
1.0755251587689312 	- 	- 	- 	
1.0855300439667808 	- 	- 	- 	
1.0955349291646321 	- 	- 	- 	
1.1055398143624817 	- 	- 	- 	
1.115544699560333 	- 	- 	- 	
1.1255495847581827 	- 	- 	- 	
1.135554469956034 	- 	- 	- 	
1.1455593551538836 	- 	- 	- 	
1.155564240351735 	- 	- 	- 	
1.1655691255495846 	- 	- 	- 	
1.175574010747436 	- 	- 	- 	
1.1855788959452855 	- 	- 	- 	
1.195583781143137 	- 	- 	- 	
1.2055886663409865 	- 	- 	- 	
1.2155935515388379 	- 	- 	- 	
1.2255984367366892 	- 	- 	- 	
1.2356033219345388 	- 	- 	- 	
1.2456082071323902 	- 	- 	- 	
1.2556130923302398 	- 	- 	- 	
1.2656179775280911 	- 	- 	- 	
1.2756228627259407 	- 	- 	- 	
1.285627747923792 	- 	- 	- 	
1.2956326331216417 	- 	- 	- 	
1.305637518319493 	- 	- 	- 	
1.3156424035173426 	- 	- 	- 	
1.325647288715194 	- 	- 	- 	
1.3356521739130436 	- 	- 	- 	
1.345657059110895 	- 	- 	- 	
1.3556619443087445 	- 	- 	- 	
1.365666829506596 	- 	- 	- 	
1.3756717147044455 	- 	- 	- 	
1.3856765999022969 	- 	- 	- 	
1.3956814851001464 	- 	- 	- 	
1.4056863702979978 	- 	- 	- 	
1.4156912554958474 	- 	- 	- 	
1.4256961406936988 	- 	- 	- 	
1.4357010258915484 	- 	- 	- 	
1.4457059110893997 	- 	- 	- 	
1.4557107962872493 	- 	- 	- 	
1.4657156814851007 	- 	- 	- 	
1.475720566682952 	- 	- 	- 	
1.4857254518808016 	- 	- 	- 	
1.495730337078653 	- 	- 	- 	
1.5057352222765026 	- 	- 	- 	
1.515740107474354 	- 	- 	- 	
1.5257449926722035 	- 	- 	- 	
1.535749877870055 	- 	- 	- 	
1.5457547630679045 	- 	- 	- 	
1.5557596482657559 	- 	- 	- 	
1.5657645334636054 	- 	- 	- 	
1.5757694186614568 	- 	- 	- 	
1.5857743038593064 	- 	- 	- 	
1.5957791890571578 	- 	- 	- 	
1.6057840742550074 	- 	- 	- 	
1.6157889594528587 	- 	- 	- 	
1.6257938446507083 	- 	- 	- 	
1.6357987298485597 	- 	- 	- 	
1.6458036150464093 	- 	- 	- 	
1.6558085002442606 	- 	- 	- 	
1.6658133854421102 	- 	- 	- 	
1.6758182706399616 	- 	- 	- 	
1.6858231558378112 	- 	- 	- 	
1.6958280410356625 	- 	- 	- 	
1.7058329262335121 	- 	- 	- 	
1.7158378114313635 	- 	- 	- 	
1.7258426966292149 	- 	- 	- 	
1.7358475818270644 	- 	- 	- 	
1.7458524670249158 	- 	- 	- 	
1.7558573522227654 	- 	- 	- 	
1.7658622374206168 	- 	- 	- 	
1.7758671226184664 	- 	- 	- 	
1.7858720078163177 	- 	- 	- 	
1.7958768930141673 	- 	- 	- 	
1.8058817782120187 	- 	- 	- 	
1.8158866634098683 	- 	- 	- 	
1.8258915486077196 	- 	- 	- 	
1.8358964338055692 	- 	- 	- 	
1.8459013190034206 	- 	- 	- 	
1.8559062042012702 	- 	- 	- 	
1.8659110893991215 	- 	- 	- 	
1.8759159745969711 	- 	- 	- 	
1.8859208597948225 	- 	- 	- 	
1.895925744992672 	- 	- 	- 	
1.9059306301905234 	- 	- 	- 	
1.915935515388373 	- 	- 	- 	
1.9259404005862244 	- 	- 	- 	
1.935945285784074 	- 	- 	- 	
1.9459501709819254 	- 	- 	- 	
1.955955056179775 	- 	- 	- 	
1.9659599413776263 	- 	- 	- 	
1.9759648265754777 	- 	- 	- 	
1.9859697117733273 	- 	- 	- 	
1.9959745969711786 	- 	- 	- 	
2.005979482169028 	- 	- 	- 	
2.0159843673668796 	- 	- 	- 	
2.025989252564729 	- 	- 	- 	
2.0359941377625805 	- 	- 	- 	
2.04599902296043 	- 	- 	- 	
2.0560039081582815 	- 	- 	- 	
2.066008793356131 	- 	- 	- 	
2.0760136785539824 	- 	- 	- 	
2.086018563751832 	- 	- 	- 	
2.0960234489496834 	- 	- 	- 	
2.106028334147533 	- 	- 	- 	
2.1160332193453844 	- 	- 	- 	
2.126038104543234 	- 	- 	- 	
2.1360429897410853 	- 	- 	- 	
2.146047874938935 	- 	- 	- 	
2.1560527601367863 	- 	- 	- 	
2.166057645334636 	- 	- 	- 	
2.176062530532487 	- 	- 	- 	
2.186067415730337 	- 	- 	- 	
2.196072300928188 	- 	- 	- 	
2.2060771861260395 	- 	- 	- 	
2.216082071323889 	- 	- 	- 	
2.2260869565217405 	- 	- 	- 	
2.23609184171959 	- 	- 	- 	
2.2460967269174414 	- 	- 	- 	
2.256101612115291 	- 	- 	- 	
2.2661064973131424 	- 	- 	- 	
2.276111382510992 	- 	- 	- 	
2.2861162677088434 	- 	- 	- 	
2.296121152906693 	- 	- 	- 	
2.3061260381045443 	- 	- 	- 	
2.316130923302394 	- 	- 	- 	
2.3261358085002453 	- 	- 	- 	
2.336140693698095 	- 	- 	- 	
2.346145578895946 	- 	- 	- 	
2.356150464093796 	- 	- 	- 	
2.366155349291647 	- 	- 	- 	
2.3761602344894968 	- 	- 	- 	
2.386165119687348 	- 	- 	- 	
2.3961700048851977 	- 	- 	- 	
2.406174890083049 	- 	- 	- 	
2.4161797752808987 	- 	- 	- 	
2.42618466047875 	- 	- 	- 	
2.4361895456765996 	- 	- 	- 	
2.446194430874451 	- 	- 	- 	
2.4561993160723024 	- 	- 	- 	
2.466204201270152 	- 	- 	- 	
2.4762090864680033 	- 	- 	- 	
2.486213971665853 	- 	- 	- 	
2.4962188568637043 	- 	- 	- 	
2.506223742061554 	- 	- 	- 	
2.516228627259405 	- 	- 	- 	
2.526233512457255 	- 	- 	- 	
2.536238397655106 	- 	- 	- 	
2.5462432828529558 	- 	- 	- 	
2.556248168050807 	- 	- 	- 	
2.5662530532486567 	- 	- 	- 	
2.576257938446508 	- 	- 	- 	
2.5862628236443577 	- 	- 	- 	
2.596267708842209 	- 	- 	- 	
2.6062725940400586 	- 	- 	- 	
2.61627747923791 	- 	- 	- 	
2.6262823644357596 	- 	- 	- 	
2.636287249633611 	- 	- 	- 	
2.6462921348314605 	- 	- 	- 	
2.656297020029312 	- 	- 	- 	
2.6663019052271615 	- 	- 	- 	
2.676306790425013 	- 	- 	- 	
2.6863116756228624 	- 	- 	- 	
2.696316560820714 	- 	- 	- 	
2.706321446018565 	- 	- 	- 	
2.7163263312164148 	- 	- 	- 	
2.726331216414266 	- 	- 	- 	
2.7363361016121157 	- 	- 	- 	
2.746340986809967 	- 	- 	- 	
2.7563458720078167 	- 	- 	- 	
2.766350757205668 	- 	- 	- 	
2.7763556424035176 	- 	- 	- 	
2.786360527601369 	- 	- 	- 	
2.7963654127992186 	- 	- 	- 	
2.80637029799707 	- 	- 	- 	
2.8163751831949195 	- 	- 	- 	
2.826380068392771 	- 	- 	- 	
2.8363849535906205 	- 	- 	- 	
2.846389838788472 	- 	- 	- 	
2.8563947239863214 	- 	- 	- 	
2.866399609184173 	- 	- 	- 	
2.8764044943820224 	- 	- 	- 	
2.8864093795798738 	- 	- 	- 	
2.8964142647777233 	- 	- 	- 	
2.9064191499755747 	- 	- 	- 	
2.9164240351734243 	- 	- 	- 	
2.9264289203712757 	- 	- 	- 	
2.936433805569127 	- 	- 	- 	
2.9464386907669766 	- 	- 	- 	
2.956443575964828 	- 	- 	- 	
2.9664484611626776 	- 	- 	- 	
2.976453346360529 	- 	- 	- 	
2.9864582315583785 	- 	- 	- 	
2.99646311675623 	- 	- 	- 	
3.0064680019540795 	- 	- 	- 	
3.016472887151931 	- 	- 	- 	
3.0264777723497804 	- 	- 	- 	
3.036482657547632 	- 	- 	- 	
3.0464875427454814 	- 	- 	- 	
3.0564924279433328 	- 	- 	- 	
3.0664973131411823 	- 	- 	- 	
3.0765021983390337 	- 	- 	- 	
3.0865070835368833 	- 	- 	- 	
3.0965119687347347 	- 	- 	- 	
3.1065168539325843 	- 	- 	- 	
3.1165217391304356 	- 	- 	- 	
3.126526624328285 	- 	- 	- 	
3.1365315095261366 	- 	- 	- 	
3.146536394723986 	- 	- 	- 	
3.1565412799218375 	- 	- 	- 	
3.166546165119687 	- 	- 	- 	
3.1765510503175385 	- 	- 	- 	
3.18655593551539 	- 	- 	- 	
3.1965608207132394 	- 	- 	- 	
3.206565705911091 	- 	- 	- 	
3.2165705911089404 	- 	- 	- 	
3.2265754763067918 	- 	- 	- 	
3.2365803615046413 	- 	- 	- 	
3.2465852467024927 	- 	- 	- 	
3.2565901319003423 	- 	- 	- 	
3.2665950170981937 	- 	- 	- 	
3.2765999022960433 	- 	- 	- 	
3.2866047874938946 	- 	- 	- 	
3.296609672691744 	- 	- 	- 	
3.3066145578895956 	- 	- 	- 	
3.316619443087445 	- 	- 	- 	
3.3266243282852965 	- 	- 	- 	
3.336629213483146 	- 	- 	- 	
3.3466340986809975 	- 	- 	- 	
3.356638983878847 	- 	- 	- 	
3.3666438690766984 	- 	- 	- 	
3.376648754274548 	- 	- 	- 	
3.3866536394723994 	- 	- 	- 	
3.396658524670249 	- 	- 	- 	
3.4066634098681003 	- 	- 	- 	
3.41666829506595 	- 	- 	- 	
3.4266731802638013 	- 	- 	- 	
3.4366780654616527 	- 	- 	- 	
3.4466829506595023 	- 	- 	- 	
3.4566878358573536 	- 	- 	- 	
3.466692721055203 	- 	- 	- 	
3.4766976062530546 	- 	- 	- 	
3.486702491450904 	- 	- 	- 	
3.4967073766487555 	- 	- 	- 	
3.506712261846605 	- 	- 	- 	
3.5167171470444565 	- 	- 	- 	
3.526722032242306 	- 	- 	- 	
3.5367269174401574 	- 	- 	- 	
3.546731802638007 	- 	- 	- 	
3.5567366878358584 	- 	- 	- 	
3.566741573033708 	- 	- 	- 	
3.5767464582315593 	- 	- 	- 	
3.586751343429409 	- 	- 	- 	
3.5967562286272603 	- 	- 	- 	
3.60676111382511 	- 	- 	- 	
3.6167659990229613 	- 	- 	- 	
3.626770884220811 	- 	- 	- 	
3.636775769418662 	- 	- 	- 	
3.646780654616512 	- 	- 	- 	
3.656785539814363 	- 	- 	- 	
3.6667904250122145 	- 	- 	- 	
3.676795310210064 	- 	- 	- 	
3.6868001954079155 	- 	- 	- 	
3.696805080605765 	- 	- 	- 	
3.7068099658036164 	- 	- 	- 	
3.716814851001466 	- 	- 	- 	
3.7268197361993174 	- 	- 	- 	
3.736824621397167 	- 	- 	- 	
3.7468295065950183 	- 	- 	- 	
3.756834391792868 	- 	- 	- 	
3.7668392769907193 	- 	- 	- 	
3.776844162188569 	- 	- 	- 	
3.7868490473864203 	- 	- 	- 	
3.79685393258427 	- 	- 	- 	
3.806858817782121 	- 	- 	- 	
3.816863702979971 	- 	- 	- 	
3.826868588177822 	- 	- 	- 	
3.8368734733756718 	- 	- 	- 	
3.846878358573523 	- 	- 	- 	
3.8568832437713727 	- 	- 	- 	
3.866888128969224 	- 	- 	- 	
3.8768930141670737 	- 	- 	- 	
3.886897899364925 	- 	- 	- 	
3.8969027845627746 	- 	- 	- 	
3.906907669760626 	- 	- 	- 	
3.9169125549584773 	- 	- 	- 	
3.926917440156327 	- 	- 	- 	
3.9369223253541783 	- 	- 	- 	
3.946927210552028 	- 	- 	- 	
3.9569320957498793 	- 	- 	- 	
3.966936980947729 	- 	- 	- 	
3.97694186614558 	- 	- 	- 	
3.98694675134343 	- 	- 	- 	
3.996951636541281 	- 	- 	- 	
4.006956521739131 	- 	- 	- 	
4.016961406936982 	- 	- 	- 	
4.026966292134832 	- 	- 	- 	
4.036971177332683 	- 	- 	- 	
4.046976062530533 	- 	- 	- 	
4.056980947728384 	- 	- 	- 	
4.066985832926234 	- 	- 	- 	
4.076990718124085 	- 	- 	- 	
4.086995603321935 	- 	- 	- 	
4.097000488519786 	- 	- 	- 	
4.1070053737176355 	- 	- 	- 	
4.117010258915487 	- 	- 	- 	
4.1270151441133365 	- 	- 	- 	
4.137020029311188 	- 	- 	- 	
4.147024914509037 	- 	- 	- 	
4.157029799706889 	- 	- 	- 	
4.16703468490474 	- 	- 	- 	
4.17703957010259 	- 	- 	- 	
4.187044455300441 	- 	- 	- 	
4.197049340498291 	- 	- 	- 	
4.207054225696142 	- 	- 	- 	
4.217059110893992 	- 	- 	- 	
4.227063996091843 	- 	- 	- 	
4.237068881289693 	- 	- 	- 	
4.247073766487544 	- 	- 	- 	
4.257078651685394 	- 	- 	- 	
4.267083536883245 	- 	- 	- 	
4.2770884220810945 	- 	- 	- 	
4.287093307278946 	- 	- 	- 	
4.2970981924767955 	- 	- 	- 	
4.307103077674647 	- 	- 	- 	
4.317107962872496 	- 	- 	- 	
4.327112848070348 	- 	- 	- 	
4.337117733268197 	- 	- 	- 	
4.347122618466049 	- 	- 	- 	
4.357127503663898 	- 	- 	- 	
4.36713238886175 	- 	- 	- 	
4.377137274059599 	- 	- 	- 	
4.387142159257451 	- 	- 	- 	
4.397147044455302 	- 	- 	- 	
4.407151929653152 	- 	- 	- 	
4.417156814851003 	- 	- 	- 	
4.427161700048853 	- 	- 	- 	
4.437166585246704 	- 	- 	- 	
4.4471714704445535 	- 	- 	- 	
4.457176355642405 	- 	- 	- 	
4.4671812408402545 	- 	- 	- 	
4.477186126038106 	- 	- 	- 	
4.487191011235955 	- 	- 	- 	
4.497195896433807 	- 	- 	- 	
4.507200781631656 	- 	- 	- 	
4.517205666829508 	- 	- 	- 	
4.527210552027357 	- 	- 	- 	
4.537215437225209 	- 	- 	- 	
4.547220322423058 	- 	- 	- 	
4.55722520762091 	- 	- 	- 	
4.567230092818759 	- 	- 	- 	
4.577234978016611 	- 	- 	- 	
4.58723986321446 	- 	- 	- 	
4.597244748412312 	- 	- 	- 	
4.607249633610161 	- 	- 	- 	
4.6172545188080125 	- 	- 	- 	
4.627259404005862 	- 	- 	- 	
4.6372642892037135 	- 	- 	- 	
4.647269174401565 	- 	- 	- 	
4.657274059599414 	- 	- 	- 	
4.667278944797266 	- 	- 	- 	
4.677283829995115 	- 	- 	- 	
4.687288715192967 	- 	- 	- 	
4.697293600390816 	- 	- 	- 	
4.707298485588668 	- 	- 	- 	
4.717303370786517 	- 	- 	- 	
4.727308255984369 	- 	- 	- 	
4.737313141182218 	- 	- 	- 	
4.74731802638007 	- 	- 	- 	
4.757322911577919 	- 	- 	- 	
4.767327796775771 	- 	- 	- 	
4.77733268197362 	- 	- 	- 	
4.7873375671714715 	- 	- 	- 	
4.797342452369321 	- 	- 	- 	
4.8073473375671725 	- 	- 	- 	
4.817352222765022 	- 	- 	- 	
4.827357107962873 	- 	- 	- 	
4.837361993160723 	- 	- 	- 	
4.847366878358574 	- 	- 	- 	
4.857371763556424 	- 	- 	- 	
4.867376648754275 	- 	- 	- 	
4.877381533952125 	- 	- 	- 	
4.887386419149976 	- 	- 	- 	
4.897391304347828 	- 	- 	- 	
4.907396189545677 	- 	- 	- 	
4.917401074743529 	- 	- 	- 	
4.927405959941378 	- 	- 	- 	
4.93741084513923 	- 	- 	- 	
4.947415730337079 	- 	- 	- 	
4.9574206155349305 	- 	- 	- 	
4.96742550073278 	- 	- 	- 	
4.9774303859306315 	- 	- 	- 	
4.987435271128481 	- 	- 	- 	
4.997440156326332 	- 	- 	- 	
5.007445041524182 	- 	- 	- 	
5.017449926722033 	- 	- 	- 	
5.027454811919883 	- 	- 	- 	
5.037459697117734 	- 	- 	- 	
5.047464582315584 	- 	- 	- 	
5.057469467513435 	- 	- 	- 	
5.067474352711285 	- 	- 	- 	
5.077479237909136 	- 	- 	- 	
5.087484123106986 	- 	- 	- 	
5.097489008304837 	- 	- 	- 	
5.107493893502687 	- 	- 	- 	
5.117498778700538 	- 	- 	- 	
5.1275036638983895 	- 	- 	- 	
5.137508549096239 	- 	- 	- 	
5.1475134342940905 	- 	- 	- 	
5.15751831949194 	- 	- 	- 	
5.167523204689791 	- 	- 	- 	
5.177528089887641 	- 	- 	- 	
5.187532975085492 	- 	- 	- 	
5.197537860283342 	- 	- 	- 	
5.207542745481193 	- 	- 	- 	
5.217547630679043 	- 	- 	- 	
5.227552515876894 	- 	- 	- 	
5.237557401074744 	- 	- 	- 	
5.247562286272595 	- 	- 	- 	
5.257567171470445 	- 	- 	- 	
5.267572056668296 	- 	- 	- 	
5.277576941866146 	- 	- 	- 	
5.287581827063997 	- 	- 	- 	
5.297586712261847 	- 	- 	- 	
5.307591597459698 	- 	- 	- 	
5.317596482657548 	- 	- 	- 	
5.327601367855399 	- 	- 	- 	
5.337606253053249 	- 	- 	- 	
5.3476111382511 	- 	- 	- 	
5.35761602344895 	- 	- 	- 	
5.367620908646801 	- 	- 	- 	
5.377625793844652 	- 	- 	- 	
5.387630679042502 	- 	- 	- 	
5.397635564240353 	- 	- 	- 	
5.407640449438203 	- 	- 	- 	
5.417645334636054 	- 	- 	- 	
5.427650219833904 	- 	- 	- 	
5.437655105031755 	- 	- 	- 	
5.447659990229605 	- 	- 	- 	
5.457664875427456 	- 	- 	- 	
5.467669760625306 	- 	- 	- 	
5.477674645823157 	- 	- 	- 	
5.487679531021007 	- 	- 	- 	
5.497684416218858 	- 	- 	- 	
5.507689301416708 	- 	- 	- 	
5.517694186614559 	- 	- 	- 	
5.527699071812409 	- 	- 	- 	
5.53770395701026 	- 	- 	- 	
5.54770884220811 	- 	- 	- 	
5.557713727405961 	- 	- 	- 	
5.5677186126038105 	- 	- 	- 	
5.577723497801662 	- 	- 	- 	
5.5877283829995115 	- 	- 	- 	
5.597733268197363 	- 	- 	- 	
5.607738153395212 	- 	- 	- 	
5.617743038593064 	- 	- 	- 	
5.627747923790915 	- 	- 	- 	
5.637752808988765 	- 	- 	- 	
5.647757694186616 	- 	- 	- 	
5.657762579384466 	- 	- 	- 	
5.667767464582317 	- 	- 	- 	
5.677772349780167 	- 	- 	- 	
5.687777234978018 	- 	- 	- 	
5.697782120175868 	- 	- 	- 	
5.707787005373719 	- 	- 	- 	
5.717791890571569 	- 	- 	- 	
5.72779677576942 	- 	- 	- 	
5.7378016609672695 	- 	- 	- 	
5.747806546165121 	- 	- 	- 	
5.7578114313629705 	- 	- 	- 	
5.76781631656082 	- 	- 	- 	
5.777821201758671 	- 	- 	- 	
5.787826086956523 	- 	- 	- 	
5.797830972154374 	- 	- 	- 	
5.807835857352222 	- 	- 	- 	
5.817840742550073 	- 	- 	- 	
5.827845627747925 	- 	- 	- 	
5.837850512945776 	- 	- 	- 	
5.847855398143624 	- 	- 	- 	
5.857860283341475 	- 	- 	- 	
5.867865168539327 	- 	- 	- 	
5.877870053737178 	- 	- 	- 	
5.887874938935029 	- 	- 	- 	
5.897879824132877 	- 	- 	- 	
5.9078847093307285 	- 	- 	- 	
5.91788959452858 	- 	- 	- 	
5.927894479726431 	- 	- 	- 	
5.937899364924279 	- 	- 	- 	
5.94790425012213 	- 	- 	- 	
5.957909135319982 	- 	- 	- 	
5.967914020517833 	- 	- 	- 	
5.977918905715681 	- 	- 	- 	
5.987923790913532 	- 	- 	- 	
5.997928676111384 	- 	- 	- 	
6.007933561309235 	- 	- 	- 	
6.017938446507083 	- 	- 	- 	
6.027943331704934 	- 	- 	- 	
6.037948216902786 	- 	- 	- 	
6.047953102100637 	- 	- 	- 	
6.057957987298485 	- 	- 	- 	
6.067962872496336 	- 	- 	- 	
6.0779677576941875 	- 	- 	- 	
6.087972642892039 	- 	- 	- 	
6.097977528089887 	- 	- 	- 	
6.107982413287738 	- 	- 	- 	
6.117987298485589 	- 	- 	- 	
6.127992183683441 	- 	- 	- 	
6.137997068881292 	- 	- 	- 	
6.14800195407914 	- 	- 	- 	
6.158006839276991 	- 	- 	- 	
6.168011724474843 	- 	- 	- 	
6.178016609672694 	- 	- 	- 	
6.188021494870542 	- 	- 	- 	
6.198026380068393 	- 	- 	- 	
6.208031265266245 	- 	- 	- 	
6.218036150464096 	- 	- 	- 	
6.228041035661944 	- 	- 	- 	
6.238045920859795 	- 	- 	- 	
6.2480508060576465 	- 	- 	- 	
6.258055691255498 	- 	- 	- 	
6.268060576453346 	- 	- 	- 	
6.278065461651197 	- 	- 	- 	
6.288070346849048 	- 	- 	- 	
6.2980752320469 	- 	- 	- 	
6.308080117244748 	- 	- 	- 	
6.318085002442599 	- 	- 	- 	
6.32808988764045 	- 	- 	- 	
6.338094772838302 	- 	- 	- 	
6.348099658036153 	- 	- 	- 	
6.358104543234001 	- 	- 	- 	
6.368109428431852 	- 	- 	- 	
6.378114313629704 	- 	- 	- 	
6.388119198827555 	- 	- 	- 	
6.398124084025403 	- 	- 	- 	
6.408128969223254 	- 	- 	- 	
6.4181338544211055 	- 	- 	- 	
6.428138739618957 	- 	- 	- 	
6.438143624816805 	- 	- 	- 	
6.448148510014656 	- 	- 	- 	
6.458153395212507 	- 	- 	- 	
6.468158280410359 	- 	- 	- 	
6.478163165608207 	- 	- 	- 	
6.488168050806058 	- 	- 	- 	
6.498172936003909 	- 	- 	- 	
6.508177821201761 	- 	- 	- 	
6.5181827063996085 	- 	- 	- 	
6.52818759159746 	- 	- 	- 	
6.538192476795311 	- 	- 	- 	
6.548197361993163 	- 	- 	- 	
6.55820224719101 	- 	- 	- 	
6.568207132388862 	- 	- 	- 	
6.578212017586713 	- 	- 	- 	
6.5882169027845645 	- 	- 	- 	
6.598221787982416 	- 	- 	- 	
6.608226673180264 	- 	- 	- 	
6.618231558378115 	- 	- 	- 	
6.628236443575966 	- 	- 	- 	
6.638241328773818 	- 	- 	- 	
6.648246213971666 	- 	- 	- 	
6.658251099169517 	- 	- 	- 	
6.668255984367368 	- 	- 	- 	
6.67826086956522 	- 	- 	- 	
6.6882657547630675 	- 	- 	- 	
6.698270639960919 	- 	- 	- 	
6.70827552515877 	- 	- 	- 	
6.718280410356622 	- 	- 	- 	
6.728285295554469 	- 	- 	- 	
6.738290180752321 	- 	- 	- 	
6.748295065950172 	- 	- 	- 	
6.7582999511480235 	- 	- 	- 	
6.768304836345871 	- 	- 	- 	
6.778309721543723 	- 	- 	- 	
6.788314606741574 	- 	- 	- 	
6.798319491939425 	- 	- 	- 	
6.808324377137273 	- 	- 	- 	
6.818329262335125 	- 	- 	- 	
6.828334147532976 	- 	- 	- 	
6.838339032730827 	- 	- 	- 	
6.848343917928679 	- 	- 	- 	
6.8583488031265265 	- 	- 	- 	
6.868353688324378 	- 	- 	- 	
6.878358573522229 	- 	- 	- 	
6.888363458720081 	- 	- 	- 	
6.898368343917928 	- 	- 	- 	
6.90837322911578 	- 	- 	- 	
6.918378114313631 	- 	- 	- 	
6.9283829995114825 	- 	- 	- 	
6.93838788470933 	- 	- 	- 	
6.948392769907182 	- 	- 	- 	
6.958397655105033 	- 	- 	- 	
6.968402540302884 	- 	- 	- 	
6.978407425500732 	- 	- 	- 	
6.988412310698584 	- 	- 	- 	
6.998417195896435 	- 	- 	- 	
7.008422081094286 	- 	- 	- 	
7.018426966292134 	- 	- 	- 	
7.0284318514899855 	- 	- 	- 	
7.038436736687837 	- 	- 	- 	
7.048441621885688 	- 	- 	- 	
7.058446507083536 	- 	- 	- 	
7.068451392281387 	- 	- 	- 	
7.078456277479239 	- 	- 	- 	
7.08846116267709 	- 	- 	- 	
7.0984660478749415 	- 	- 	- 	
7.108470933072789 	- 	- 	- 	
7.118475818270641 	- 	- 	- 	
7.128480703468492 	- 	- 	- 	
7.138485588666343 	- 	- 	- 	
7.148490473864191 	- 	- 	- 	
7.158495359062043 	- 	- 	- 	
7.168500244259894 	- 	- 	- 	
7.178505129457745 	- 	- 	- 	
7.188510014655593 	- 	- 	- 	
7.1985148998534445 	- 	- 	- 	
7.208519785051296 	- 	- 	- 	
7.218524670249147 	- 	- 	- 	
7.228529555446995 	- 	- 	- 	
7.238534440644846 	- 	- 	- 	
7.248539325842698 	- 	- 	- 	
7.258544211040549 	- 	- 	- 	
7.268549096238397 	- 	- 	- 	
7.278553981436248 	- 	- 	- 	
7.2885588666341 	- 	- 	- 	
7.298563751831951 	- 	- 	- 	
7.308568637029799 	- 	- 	- 	
7.31857352222765 	- 	- 	- 	
7.328578407425502 	- 	- 	- 	
7.338583292623353 	- 	- 	- 	
7.348588177821204 	- 	- 	- 	
7.358593063019052 	- 	- 	- 	
7.3685979482169035 	- 	- 	- 	
7.378602833414755 	- 	- 	- 	
7.388607718612606 	- 	- 	- 	
7.398612603810454 	- 	- 	- 	
7.408617489008305 	- 	- 	- 	
7.418622374206157 	- 	- 	- 	
7.428627259404008 	- 	- 	- 	
7.438632144601856 	- 	- 	- 	
7.448637029799707 	- 	- 	- 	
7.458641914997559 	- 	- 	- 	
7.46864680019541 	- 	- 	- 	
7.478651685393258 	- 	- 	- 	
7.488656570591109 	- 	- 	- 	
7.498661455788961 	- 	- 	- 	
7.508666340986812 	- 	- 	- 	
7.51867122618466 	- 	- 	- 	
7.528676111382511 	- 	- 	- 	
7.5386809965803625 	- 	- 	- 	
7.548685881778214 	- 	- 	- 	
7.558690766976062 	- 	- 	- 	
7.568695652173913 	- 	- 	- 	
7.578700537371764 	- 	- 	- 	
7.588705422569616 	- 	- 	- 	
7.598710307767467 	- 	- 	- 	
7.608715192965315 	- 	- 	- 	
7.618720078163166 	- 	- 	- 	
7.628724963361018 	- 	- 	- 	
7.638729848558869 	- 	- 	- 	
7.648734733756717 	- 	- 	- 	
7.658739618954568 	- 	- 	- 	
7.66874450415242 	- 	- 	- 	
7.678749389350271 	- 	- 	- 	
7.688754274548119 	- 	- 	- 	
7.69875915974597 	- 	- 	- 	
7.7087640449438215 	- 	- 	- 	
7.718768930141673 	- 	- 	- 	
7.728773815339521 	- 	- 	- 	
7.738778700537372 	- 	- 	- 	
7.748783585735223 	- 	- 	- 	
7.758788470933075 	- 	- 	- 	
7.768793356130923 	- 	- 	- 	
7.778798241328774 	- 	- 	- 	
7.788803126526625 	- 	- 	- 	
7.798808011724477 	- 	- 	- 	
7.8088128969223245 	- 	- 	- 	
7.818817782120176 	- 	- 	- 	
7.828822667318027 	- 	- 	- 	
7.838827552515879 	- 	- 	- 	
7.84883243771373 	- 	- 	- 	
7.858837322911578 	- 	- 	- 	
7.868842208109429 	- 	- 	- 	
7.8788470933072805 	- 	- 	- 	
7.888851978505132 	- 	- 	- 	
7.89885686370298 	- 	- 	- 	
7.908861748900831 	- 	- 	- 	
7.918866634098682 	- 	- 	- 	
7.928871519296534 	- 	- 	- 	
7.938876404494382 	- 	- 	- 	
7.948881289692233 	- 	- 	- 	
7.958886174890084 	- 	- 	- 	
7.968891060087936 	- 	- 	- 	
7.9788959452857835 	- 	- 	- 	
7.988900830483635 	- 	- 	- 	
7.998905715681486 	- 	- 	- 	
8.008910600879338 	- 	- 	- 	
8.018915486077185 	- 	- 	- 	
8.028920371275037 	- 	- 	- 	
8.038925256472888 	- 	- 	- 	
8.04893014167074 	- 	- 	- 	
8.05893502686859 	- 	- 	- 	
8.068939912066439 	- 	- 	- 	
8.07894479726429 	- 	- 	- 	
8.088949682462141 	- 	- 	- 	
8.098954567659993 	- 	- 	- 	
8.10895945285784 	- 	- 	- 	
8.118964338055692 	- 	- 	- 	
8.128969223253543 	- 	- 	- 	
8.138974108451395 	- 	- 	- 	
8.148978993649242 	- 	- 	- 	
8.158983878847094 	- 	- 	- 	
8.168988764044945 	- 	- 	- 	
8.178993649242797 	- 	- 	- 	
8.188998534440644 	- 	- 	- 	
8.199003419638496 	- 	- 	- 	
8.209008304836347 	- 	- 	- 	
8.219013190034199 	- 	- 	- 	
8.229018075232046 	- 	- 	- 	
8.239022960429898 	- 	- 	- 	
8.249027845627749 	- 	- 	- 	
8.2590327308256 	- 	- 	- 	
8.269037616023448 	- 	- 	- 	
8.2790425012213 	- 	- 	- 	
8.289047386419151 	- 	- 	- 	
8.299052271617002 	- 	- 	- 	
8.309057156814854 	- 	- 	- 	
8.319062042012701 	- 	- 	- 	
8.329066927210553 	- 	- 	- 	
8.339071812408404 	- 	- 	- 	
8.349076697606256 	- 	- 	- 	
8.359081582804103 	- 	- 	- 	
8.369086468001955 	- 	- 	- 	
8.379091353199806 	- 	- 	- 	
8.389096238397658 	- 	- 	- 	
8.399101123595505 	- 	- 	- 	
8.409106008793357 	- 	- 	- 	
8.419110893991208 	- 	- 	- 	
8.42911577918906 	- 	- 	- 	
8.439120664386907 	- 	- 	- 	
8.449125549584759 	- 	- 	- 	
8.45913043478261 	- 	- 	- 	
8.469135319980461 	- 	- 	- 	
8.47914020517831 	- 	- 	- 	
8.48914509037616 	- 	- 	- 	
8.499149975574012 	- 	- 	- 	
8.509154860771863 	- 	- 	- 	
8.519159745969711 	- 	- 	- 	
8.529164631167562 	- 	- 	- 	
8.539169516365414 	- 	- 	- 	
8.549174401563265 	- 	- 	- 	
8.559179286761117 	- 	- 	- 	
8.569184171958964 	- 	- 	- 	
8.579189057156816 	- 	- 	- 	
8.589193942354667 	- 	- 	- 	
8.599198827552518 	- 	- 	- 	
8.609203712750366 	- 	- 	- 	
8.619208597948218 	- 	- 	- 	
8.629213483146069 	- 	- 	- 	
8.63921836834392 	- 	- 	- 	
8.649223253541768 	- 	- 	- 	
8.65922813873962 	- 	- 	- 	
8.66923302393747 	- 	- 	- 	
8.679237909135322 	- 	- 	- 	
8.68924279433317 	- 	- 	- 	
8.699247679531021 	- 	- 	- 	
8.709252564728873 	- 	- 	- 	
8.719257449926724 	- 	- 	- 	
8.729262335124572 	- 	- 	- 	
8.739267220322423 	- 	- 	- 	
8.749272105520275 	- 	- 	- 	
8.759276990718126 	- 	- 	- 	
8.769281875915974 	- 	- 	- 	
8.779286761113825 	- 	- 	- 	
8.789291646311677 	- 	- 	- 	
8.799296531509528 	- 	- 	- 	
8.80930141670738 	- 	- 	- 	
8.819306301905227 	- 	- 	- 	
8.829311187103078 	- 	- 	- 	
8.83931607230093 	- 	- 	- 	
8.849320957498781 	- 	- 	- 	
8.859325842696629 	- 	- 	- 	
8.86933072789448 	- 	- 	- 	
8.879335613092332 	- 	- 	- 	
8.889340498290183 	- 	- 	- 	
8.899345383488031 	- 	- 	- 	
8.909350268685882 	- 	- 	- 	
8.919355153883734 	- 	- 	- 	
8.929360039081585 	- 	- 	- 	
8.939364924279433 	- 	- 	- 	
8.949369809477284 	- 	- 	- 	
8.959374694675136 	- 	- 	- 	
8.969379579872987 	- 	- 	- 	
8.979384465070835 	- 	- 	- 	
8.989389350268686 	- 	- 	- 	
8.999394235466537 	- 	- 	- 	
9.009399120664389 	- 	- 	- 	
9.019404005862237 	- 	- 	- 	
9.029408891060088 	- 	- 	- 	
9.03941377625794 	- 	- 	- 	
9.04941866145579 	- 	- 	- 	
9.059423546653642 	- 	- 	- 	
9.06942843185149 	- 	- 	- 	
9.079433317049341 	- 	- 	- 	
9.089438202247193 	- 	- 	- 	
9.099443087445044 	- 	- 	- 	
9.109447972642892 	- 	- 	- 	
9.119452857840743 	- 	- 	- 	
9.129457743038595 	- 	- 	- 	
9.139462628236446 	- 	- 	- 	
9.149467513434294 	- 	- 	- 	
9.159472398632145 	- 	- 	- 	
9.169477283829996 	- 	- 	- 	
9.179482169027848 	- 	- 	- 	
9.189487054225696 	- 	- 	- 	
9.199491939423547 	- 	- 	- 	
9.209496824621398 	- 	- 	- 	
9.21950170981925 	- 	- 	- 	
9.229506595017098 	- 	- 	- 	
9.239511480214949 	- 	- 	- 	
9.2495163654128 	- 	- 	- 	
9.259521250610652 	- 	- 	- 	
9.2695261358085 	- 	- 	- 	
9.27953102100635 	- 	- 	- 	
9.289535906204202 	- 	- 	- 	
9.299540791402054 	- 	- 	- 	
9.309545676599905 	- 	- 	- 	
9.319550561797753 	- 	- 	- 	
9.329555446995604 	- 	- 	- 	
9.339560332193455 	- 	- 	- 	
9.349565217391307 	- 	- 	- 	
9.359570102589155 	- 	- 	- 	
9.369574987787006 	- 	- 	- 	
9.379579872984857 	- 	- 	- 	
9.389584758182709 	- 	- 	- 	
9.399589643380557 	- 	- 	- 	
9.409594528578408 	- 	- 	- 	
9.41959941377626 	- 	- 	- 	
9.42960429897411 	- 	- 	- 	
9.439609184171958 	- 	- 	- 	
9.44961406936981 	- 	- 	- 	
9.459618954567661 	- 	- 	- 	
9.469623839765513 	- 	- 	- 	
9.47962872496336 	- 	- 	- 	
9.489633610161212 	- 	- 	- 	
9.499638495359063 	- 	- 	- 	
9.509643380556914 	- 	- 	- 	
9.519648265754766 	- 	- 	- 	
9.529653150952614 	- 	- 	- 	
9.539658036150465 	- 	- 	- 	
9.549662921348316 	- 	- 	- 	
9.559667806546168 	- 	- 	- 	
9.569672691744016 	- 	- 	- 	
9.579677576941867 	- 	- 	- 	
9.589682462139718 	- 	- 	- 	
9.59968734733757 	- 	- 	- 	
9.609692232535417 	- 	- 	- 	
9.619697117733269 	- 	- 	- 	
9.62970200293112 	- 	- 	- 	
9.639706888128972 	- 	- 	- 	
9.64971177332682 	- 	- 	- 	
9.65971665852467 	- 	- 	- 	
9.669721543722522 	- 	- 	- 	
9.679726428920373 	- 	- 	- 	
9.689731314118221 	- 	- 	- 	
9.699736199316073 	- 	- 	- 	
9.709741084513924 	- 	- 	- 	
9.719745969711775 	- 	- 	- 	
9.729750854909623 	- 	- 	- 	
9.739755740107475 	- 	- 	- 	
9.749760625305326 	- 	- 	- 	
9.759765510503177 	- 	- 	- 	
9.769770395701029 	- 	- 	- 	
9.779775280898876 	- 	- 	- 	
9.789780166096728 	- 	- 	- 	
9.79978505129458 	- 	- 	- 	
9.80978993649243 	- 	- 	- 	
9.819794821690278 	- 	- 	- 	
9.82979970688813 	- 	- 	- 	
9.839804592085981 	- 	- 	- 	
9.849809477283832 	- 	- 	- 	
9.85981436248168 	- 	- 	- 	
9.869819247679532 	- 	- 	- 	
9.879824132877383 	- 	- 	- 	
9.889829018075234 	- 	- 	- 	
9.899833903273082 	- 	- 	- 	
9.909838788470934 	- 	- 	- 	
9.919843673668785 	- 	- 	- 	
9.929848558866636 	- 	- 	- 	
9.939853444064484 	- 	- 	- 	
9.949858329262335 	- 	- 	- 	
9.959863214460187 	- 	- 	- 	
9.969868099658038 	- 	- 	- 	
9.979872984855886 	- 	- 	- 	
9.989877870053737 	- 	- 	- 	
9.999882755251589 	- 	- 	- 	
10.00988764044944 	- 	- 	- 	
10.019892525647291 	- 	- 	- 	
10.02989741084514 	- 	- 	- 	
10.03990229604299 	- 	- 	- 	
10.049907181240842 	- 	- 	- 	
10.059912066438693 	- 	- 	- 	
10.069916951636541 	- 	- 	- 	
10.079921836834393 	- 	- 	- 	
10.089926722032244 	- 	- 	- 	
10.099931607230095 	- 	- 	- 	
10.109936492427943 	- 	- 	- 	
10.119941377625794 	- 	- 	- 	
10.129946262823646 	- 	- 	- 	
10.139951148021497 	- 	- 	- 	
10.149956033219345 	- 	- 	- 	
10.159960918417196 	- 	- 	- 	
10.169965803615048 	- 	- 	- 	
10.1799706888129 	- 	- 	- 	
10.189975574010747 	- 	- 	- 	
10.199980459208598 	- 	- 	- 	
10.20998534440645 	- 	- 	- 	
10.219990229604301 	- 	- 	- 	
10.229995114802149 	- 	- 	- 	
10.24 	- 	- 	- 	
#######################################